location,cases,asof,state_ap,state,pop_acs_2020_5tr,updated_date,updated_time,X,case_increase,date,dewp,prcp,temp,temp_max,temp_min,wdsp,dtr
Arizona,85,4,Ariz.,7174064,11.85,2022/8/4,2:24 PM,7507,0,2022/8/4,16.77104377,2.567214286,27.45945946,34.67417417,21.02552553,6.190909091,13.64864865
Arizona,102,4,Ariz.,7174064,14.22,2022/8/5,7:51 PM,7507,17,2022/8/5,16.97474748,1.242540541,27.11561562,34.68468468,20.82282282,4.366666667,13.86186186
Arizona,102,4,Ariz.,7174064,14.22,2022/8/6,7:58 PM,7507,0,2022/8/6,14.76262626,0.034324324,29.71021021,36.93993994,22.0990991,4.245454545,14.84084084
Arizona,102,4,Ariz.,7174064,14.22,2022/8/7,8:02 PM,7507,0,2022/8/7,14.43434343,1.947333333,29.27027027,36.83633634,22.45495496,6.033333333,14.38138138
Arizona,131,4,Ariz.,7174064,18.26,2022/8/8,8:09 PM,8931,29,2022/8/8,15.62962963,2.1986875,28.01501502,35.0015015,22.47147147,6.027272727,12.53003003
Arizona,143,4,Ariz.,7174064,19.93,2022/8/9,7:37 PM,9489,12,2022/8/9,16.86928105,2.023241379,27.16666667,34.52339181,20.78070175,5.597058824,13.74269006
Arizona,143,4,Ariz.,7174064,19.93,2022/8/10,7:52 PM,9489,0,2022/8/10,16.81481482,1.608666667,27.55255255,34.53603604,21.28978979,5.33030303,13.24624625
Arizona,149,4,Ariz.,7174064,20.77,2022/8/11,7:59 PM,10389,6,2022/8/11,16.48316498,2.572774194,27.1051051,34.66366366,21.75825826,5.575757576,12.9054054
Arizona,149,4,Ariz.,7174064,20.77,2022/8/12,7:51 PM,10389,0,2022/8/12,16.41993464,0.213032258,28.09356725,34.50584795,21.92982456,5.358823529,12.57602339
Arizona,149,4,Ariz.,7174064,20.77,2022/8/13,8:05 PM,10389,0,2022/8/13,17.15686274,3.229428571,26.57894737,34.5628655,21.1754386,4.585294118,13.3874269
Arizona,149,4,Ariz.,7174064,20.77,2022/8/14,8:17 PM,10389,0,2022/8/14,16.82291667,2.728451613,26.99382716,34.28703704,21.50308642,5.334375,12.78395062
Arizona,149,4,Ariz.,7174064,20.77,2022/8/15,8:12 PM,10389,0,2022/8/15,17.38562092,3.547533333,26.1754386,33.73391813,21.14181287,4.444117647,12.59210526
Arizona,149,4,Ariz.,7174064,20.77,2022/8/16,8:22 PM,10389,0,2022/8/16,16.40909091,0.600363636,27.98348348,35.08708709,21.47147147,4.666666667,13.61561562
Arizona,213,4,Ariz.,7174064,29.69,2022/8/17,8:24 PM,13514,64,2022/8/17,16.36764706,3.092823529,28.61549708,35.33187135,22.44736842,5.45,12.88450292
Arizona,220,4,Ariz.,7174064,30.67,2022/8/18,8:13 PM,14112,7,2022/8/18,17.57843137,1.68275,27.14327485,34.80701754,21.64473684,5.267647059,13.1622807
Arizona,220,4,Ariz.,7174064,30.67,2022/8/19,8:04 PM,14112,0,2022/8/19,18.35947712,7.665357143,25.30555556,32.7748538,20.95906433,5.085294118,11.81578947
Arizona,220,4,Ariz.,7174064,30.67,2022/8/20,8:09 PM,14112,0,2022/8/20,18.48039216,7.558424242,24.48391813,30.54532164,20.67397661,4.729411765,9.871345029
Arizona,220,4,Ariz.,7174064,30.67,2022/8/21,8:18 PM,14112,0,2022/8/21,17.87254902,4.094787879,25.17397661,31.36111111,20.26754386,5.241176471,11.09356725
Arizona,258,4,Ariz.,7174064,35.96,2022/8/22,8:33 PM,15430,38,2022/8/22,17.00816993,2.315882353,25.74853801,33.10233918,19.62426901,4.661764706,13.47807018
Arizona,270,4,Ariz.,7174064,37.64,2022/8/23,8:30 PM,15906,12,2022/8/23,16.15824916,0.674914286,27.85285285,34.83183183,21.02402402,4.684848485,13.80780781
Arizona,269,4,Ariz.,7174064,37.5,2022/8/24,8:29 PM,16600,0,2022/8/24,15.70875421,2.808941176,26.86186186,34.27927928,21.18768769,5.760606061,13.09159159
Arizona,271,4,Ariz.,7174064,37.77,2022/8/25,8:37 PM,16923,2,2022/8/25,16.71078431,1.239212121,27.0877193,33.64912281,21.70906433,4.973529412,11.94005848
Arizona,281,4,Ariz.,7174064,39.17,2022/8/26,8:23 PM,17429,10,2022/8/26,17.02777778,2.111828571,27.89473684,34.42690058,22.26169591,4.185294118,12.16520468
Arizona,281,4,Ariz.,7174064,39.17,2022/8/27,8:22 PM,17429,0,2022/8/27,15.86601307,1.127125,28.05116959,34.54824561,22.07309942,5.394117647,12.4751462
Arizona,281,4,Ariz.,7174064,39.17,2022/8/28,8:31 PM,17429,0,2022/8/28,15.62254902,0.297542857,27.56140351,34.52777778,21.44152047,5,13.08625731
Arizona,281,4,Ariz.,7174064,39.17,2022/8/29,8:38 PM,18098,0,2022/8/29,14.76633987,0.006684211,28.34795322,36.26315789,21.17105263,4.679411765,15.09210526
Arizona,314,4,Ariz.,7174064,43.77,2022/8/30,8:51 PM,18414,33,2022/8/30,12.18686869,0,30.0015015,38.14564565,21.57807808,4.657575758,16.56756757
Arizona,317,4,Ariz.,7174064,44.19,2022/8/31,8:28 PM,18986,3,2022/8/31,10.80555556,0,30.20906433,37.85672515,22.17397661,6.135294118,15.68274854
Arizona,326,4,Ariz.,7174064,45.44,2022/9/1,8:33 PM,19462,9,2022/9/1,12.37254902,0.006684211,29.69444444,36.5628655,22.53508772,5.702941176,14.02777778
Arizona,333,4,Ariz.,7174064,46.42,2022/9/2,8:24 PM,19959,7,2022/9/2,13.70098039,0,29.38450292,36.92836257,21.90497076,4.941176471,15.02339181
Arizona,333,4,Ariz.,7174064,46.42,2022/9/3,8:30 PM,19959,0,2022/9/3,13.32323232,0.449942857,29.28378378,36.98198198,21.83033033,6.706060606,15.15165165
Arizona,333,4,Ariz.,7174064,46.42,2022/9/4,8:35 PM,19959,0,2022/9/4,12.32154882,0,29.5960961,36.7972973,22.36486486,6.696969697,14.43243243
Arizona,333,4,Ariz.,7174064,46.42,2022/9/5,8:41 PM,19959,0,2022/9/5,9.462962963,0.028222222,29.82882883,37.87387387,21.77477477,6.024242424,16.0990991
Arizona,341,4,Ariz.,7174064,47.53,2022/9/6,8:40 PM,20730,8,2022/9/6,7.901960785,0,30.7748538,38.14181287,22.25,6.376470588,15.89181287
Arizona,356,4,Ariz.,7174064,49.62,2022/9/7,8:32 PM,21271,15,2022/9/7,10.42320261,0,29.76461988,37.76169591,21.47222222,5.241176471,16.28947368
Arizona,370,4,Ariz.,7174064,51.57,2022/9/8,8:28 PM,21501,14,2022/9/8,11.87091503,0.007055556,28.78070175,36.25292398,21.78070175,5.285294118,14.47222222
Arizona,374,4,Ariz.,7174064,52.13,2022/9/9,8:32 PM,21891,4,2022/9/9,12.11616162,0.352777778,27.48348348,34.01051051,21.61411411,5.393939394,12.3963964
Arizona,374,4,Ariz.,7174064,52.13,2022/9/10,8:29 PM,21891,0,2022/9/10,16.32986111,1.466645161,24.48611111,31.7191358,19.27932099,5.0875,12.43981481
Arizona,374,4,Ariz.,7174064,52.13,2022/9/11,8:46 PM,21891,0,2022/9/11,14.82437276,1.825625,25.62857143,33.56190476,18.94126984,4.65483871,14.62063492
Arizona,374,4,Ariz.,7174064,52.13,2022/9/12,8:40 PM,21982,0,2022/9/12,15.41077441,2.268482759,25.58258258,33.1996997,19.24474474,5.73030303,13.95495496
Arizona,396,4,Ariz.,7174064,55.2,2022/9/13,8:35 PM,22627,22,2022/9/13,15.34343434,1.030941176,24.17867868,31.23873874,19.1996997,5.690909091,12.03903904
Arizona,399,4,Ariz.,7174064,55.62,2022/9/14,8:42 PM,22771,3,2022/9/14,13.13541667,1.524,23.65895062,30.20987654,18.16358025,5,12.0462963
Arizona,399,4,Ariz.,7174064,55.62,2022/9/15,6:41 AM,22771,0,2022/9/15,10.78298611,1.3208,24.19753086,31.30092593,16.96604938,4.440625,14.33487654
Arizona,411,4,Ariz.,7174064,57.29,2022/9/16,8:22 PM,23496,12,2022/9/16,10.125,0.007055556,24.84259259,31.68672839,16.91049383,4.759375,14.77623457
Arizona,411,4,Ariz.,7174064,57.29,2022/9/17,8:43 PM,23496,0,2022/9/17,7.597222222,0,24.875,32.75617284,16.31790123,5.540625,16.43827161
Arizona,411,4,Ariz.,7174064,57.29,2022/9/18,8:45 PM,23496,0,2022/9/18,4.760416667,0,25.22993827,33.49537037,15.82098765,5.65,17.67438272
Arizona,411,4,Ariz.,7174064,57.29,2022/9/19,8:34 PM,23890,0,2022/9/19,7.192708333,0,26.11882716,34.39814815,16.65740741,4.940625,17.74074074
Arizona,426,4,Ariz.,7174064,59.38,2022/9/20,8:45 PM,24200,15,2022/9/20,12.06228956,0.410882353,26.36486486,33.98648649,19.16516516,5.248484848,14.82132132
Arizona,430,4,Ariz.,7174064,59.94,2022/9/21,8:31 PM,24361,4,2022/9/21,17.42929293,3.2258,24.14264264,31.01201201,19.97297297,5.381818182,11.03903904
Arizona,436,4,Ariz.,7174064,60.77,2022/9/22,8:39 PM,24569,6,2022/9/22,18.48653199,3.564193548,23.74024024,30.6006006,19.7042042,3.993939394,10.8963964
Arizona,446,4,Ariz.,7174064,62.17,2022/9/23,8:37 PM,24843,10,2022/9/23,15.2962963,0.926352941,24.88738739,32.31681682,18.58858859,3.757575758,13.72822823
Arizona,446,4,Ariz.,7174064,62.17,2022/9/24,8:33 PM,24843,0,2022/9/24,12.41919192,0.127,25.14414414,33.25525526,17.81231231,4.651515152,15.44294294
Arizona,446,4,Ariz.,7174064,62.17,2022/9/25,8:46 PM,24843,0,2022/9/25,7.417508418,0,25.96996997,34.04954955,17.35735736,4.545454545,16.69219219
Arizona,459,4,Ariz.,7174064,63.98,2022/9/26,8:27 PM,25159,13,2022/9/26,6.304713805,0,26.47447447,34.46696697,17.77927928,5.818181818,16.68768769
Arizona,466,4,Ariz.,7174064,64.96,2022/9/27,8:34 PM,25338,7,2022/9/27,9.574074074,0.107757576,26.78978979,34.02402402,18.77477477,7.063636364,15.24924925
Arizona,473,4,Ariz.,7174064,65.93,2022/9/28,8:37 PM,25506,7,2022/9/28,8.779461279,0.007257143,26.03453453,33.15765766,19.06456456,5.942424242,14.09309309
Arizona,473,4,Ariz.,7174064,65.93,2022/9/29,8:51 PM,25610,0,2022/9/29,9.362847223,0.811388889,24.4691358,31.90123457,18.00462963,4.903125,13.89660494
Arizona,473,4,Ariz.,7174064,65.93,2022/9/30,8:46 PM,25848,0,2022/9/30,8.805555555,0.232833333,23.72530864,31.07716049,17.02623457,4.734375,14.05092593
Arizona,473,4,Ariz.,7174064,65.93,2022/10/1,8:39 PM,25848,0,2022/10/1,10.59895833,1.204685714,23.40123457,30.80246914,16.50154321,5.08125,14.30092593
Arizona,473,4,Ariz.,7174064,65.93,2022/10/2,7:57 PM,25848,0,2022/10/2,11.86631944,0.455705882,23.43827161,30.60030864,16.9691358,4.525,13.63117284
