location,cases,asof,state_ap,state,pop_acs_2020_5tr,updated_date,updated_time,X,case_increase,date,dewp,prcp,temp,temp_max,temp_min,wdsp,dtr
Arkansas,5,5,Ark.,3011873,1.66,2022/8/4,2:24 PM,7507,0,2022/8/4,22.63518518,2.557517241,27.1344086,32.84229391,22.79928315,4.996666667,10.04301075
Arkansas,9,5,Ark.,3011873,2.99,2022/8/5,7:51 PM,7507,4,2022/8/5,23.04444444,10.67646667,28.00896057,34.42831541,23.25268817,3.886666667,11.17562724
Arkansas,9,5,Ark.,3011873,2.99,2022/8/6,7:58 PM,7507,0,2022/8/6,22.53333333,1.98283871,28.68817204,34.11111111,23.77060932,5.633333333,10.34050179
Arkansas,9,5,Ark.,3011873,2.99,2022/8/7,8:02 PM,7507,0,2022/8/7,22.42222222,0,28.75448029,34.2921147,23.46057348,5.143333333,10.83154122
Arkansas,9,5,Ark.,3011873,2.99,2022/8/8,8:09 PM,8931,0,2022/8/8,22.39074074,0,28.62007168,35.06630824,23.8655914,4.89,11.20071685
Arkansas,12,5,Ark.,3011873,3.98,2022/8/9,7:37 PM,9489,3,2022/8/9,21.90185185,8.049172414,25.41935484,31.67741935,22,3.496666667,9.677419355
Arkansas,12,5,Ark.,3011873,3.98,2022/8/10,7:52 PM,9489,0,2022/8/10,22.07592593,6.814206897,26.19892473,32.29032258,22.20250896,2.926666667,10.08781362
Arkansas,12,5,Ark.,3011873,3.98,2022/8/11,7:59 PM,10389,0,2022/8/11,20.76481482,2.662903226,26.03225806,31.41397849,21.51433692,4.313333333,9.899641576
Arkansas,12,5,Ark.,3011873,3.98,2022/8/12,7:51 PM,10389,0,2022/8/12,19.95740741,0.565354839,26.14157706,32.46415771,20.16487455,4.523333333,12.29928315
Arkansas,12,5,Ark.,3011873,3.98,2022/8/13,8:05 PM,10389,0,2022/8/13,18.51666667,0,25.83691756,32.39964158,19.1702509,3.72,13.22939068
Arkansas,12,5,Ark.,3011873,3.98,8/14/2022,8:17 PM,10389,0,2022/8/14,18.59444444,0,26.17383513,34.84408602,18.51971326,2.91,16.32437276
Arkansas,12,5,Ark.,3011873,3.98,2022/8/15,8:12 PM,10389,0,2022/8/15,21.42777778,0,28.25985663,35.71146953,21.64336918,3.136666667,14.06810036
Arkansas,12,5,Ark.,3011873,3.98,2022/8/16,8:22 PM,10389,0,2022/8/16,21.50555556,0,26.98924731,33.24193548,22.16308244,5.206666667,11.07885305
Arkansas,21,5,Ark.,3011873,6.97,2022/8/17,8:24 PM,13514,9,2022/8/17,20.52037037,13.5636,22.85304659,28.51075269,20.59139785,5.396666667,7.919354838
Arkansas,21,5,Ark.,3011873,6.97,2022/8/18,8:13 PM,14112,0,2022/8/18,18.77222222,9.592733333,23.19713262,29.2921147,18.82616487,3.59,10.46594982
Arkansas,21,5,Ark.,3011873,6.97,2022/8/19,8:04 PM,14112,0,2022/8/19,18.25,0.802967742,24.12903226,31.17921147,17.99641577,2.226666667,13.1827957
Arkansas,21,5,Ark.,3011873,6.97,2022/8/20,8:09 PM,14112,0,2022/8/20,20,0.065548387,25.51971326,32.80824373,19.55197133,3.11,13.2562724
Arkansas,21,5,Ark.,3011873,6.97,2022/8/21,8:18 PM,14112,0,2022/8/21,21.66481481,5.452533333,25.10752688,30.1218638,21.6953405,4.403333333,8.426523298
Arkansas,21,5,Ark.,3011873,6.97,2022/8/22,8:33 PM,15430,0,2022/8/22,21.3462963,5.563419355,24.10573477,27.87634409,21.22401434,3.503333333,6.652329749
Arkansas,23,5,Ark.,3011873,7.64,2022/8/23,8:30 PM,15906,2,2022/8/23,20.92962963,10.16819355,24.16666667,29.16487455,20.64157706,4.426666667,8.523297491
Arkansas,24,5,Ark.,3011873,7.97,2022/8/24,8:29 PM,16600,1,2022/8/24,20.16296296,2.679290323,24.48924731,30.08602151,20.08422939,4.693333333,10.00179211
Arkansas,24,5,Ark.,3011873,7.97,2022/8/25,8:37 PM,16923,0,2022/8/25,19.95519713,0.5000625,25.26041667,31.68055556,19.98784722,3.103225806,11.69270833
Arkansas,28,5,Ark.,3011873,9.3,2022/8/26,8:23 PM,17429,4,2022/8/26,20.66845878,0.0079375,26.08159722,32.859375,19.97222222,2.025806452,12.88715278
Arkansas,28,5,Ark.,3011873,9.3,2022/8/27,8:22 PM,17429,0,2022/8/27,21.40681004,0,26.5625,33.00173611,20.58506944,2.748387097,12.41666667
Arkansas,28,5,Ark.,3011873,9.3,2022/8/28,8:31 PM,17429,0,2022/8/28,22.68817204,0.0396875,27.40277778,33.0625,22.8125,5.183870968,10.25
Arkansas,32,5,Ark.,3011873,10.62,2022/8/29,8:38 PM,18098,4,2022/8/29,22.92114695,0.677333333,27.87326389,33.70659722,23.05555556,5.203225806,10.65104167
Arkansas,32,5,Ark.,3011873,10.62,2022/8/30,8:51 PM,18414,0,2022/8/30,21.92473118,7.726516129,26.51388889,33.328125,21.94270833,3.3,11.38541667
Arkansas,32,5,Ark.,3011873,10.62,2022/8/31,8:28 PM,18986,0,2022/8/31,20.15412186,0.163870968,26.47916667,32.81944444,20.40277778,2.716129032,12.41666667
Arkansas,36,5,Ark.,3011873,11.95,2022/9/1,8:33 PM,19462,4,2022/9/1,19.56630824,0.073741935,24.984375,31.22222222,19.93055556,2.680645161,11.29166667
Arkansas,38,5,Ark.,3011873,12.62,2022/9/2,8:24 PM,19959,2,2022/9/2,20.91756272,3.547806452,23.74131944,28.73090278,20.78298611,3.074193548,7.947916667
Arkansas,38,5,Ark.,3011873,12.62,2022/9/3,8:30 PM,19959,0,2022/9/3,21.42407407,10.53253333,24.98924731,30.82437276,21.07706093,3.146666667,9.747311829
Arkansas,38,5,Ark.,3011873,12.62,2022/9/4,8:35 PM,19959,0,2022/9/4,20.62903226,2.50825,24.65972222,31.04513889,19.921875,2.543333333,11.12326389
Arkansas,38,5,Ark.,3011873,12.62,2022/9/5,8:41 PM,19959,0,2022/9/5,20.5125448,0.9921875,24.23090278,30.82118056,19.75,2.303333333,11.07118056
Arkansas,40,5,Ark.,3011873,13.28,2022/9/6,8:40 PM,20730,2,2022/9/6,20.71354167,0.460375,24.2996633,31.45286195,19.68181818,2.541935484,11.77104377
Arkansas,43,5,Ark.,3011873,14.28,2022/9/7,8:32 PM,21271,3,2022/9/7,19.99820788,2.4050625,24.39409722,30.82118056,19.81076389,3.76,11.01041667
Arkansas,45,5,Ark.,3011873,14.94,2022/9/8,8:28 PM,21501,2,2022/9/8,17.84946237,0.2460625,23.62847222,30.02951389,17.83333333,3.61,12.19618056
Arkansas,46,5,Ark.,3011873,15.27,2022/9/9,8:32 PM,21891,1,2022/9/9,16.81541219,0,22.68229167,30.11805556,15.97743056,2.896666667,14.140625
Arkansas,46,5,Ark.,3011873,15.27,2022/9/10,8:29 PM,21891,0,2022/9/10,19.05555556,1.254125,23.14583333,29.26215278,18.38194444,3.133333333,10.88020833
Arkansas,46,5,Ark.,3011873,15.27,2022/9/11,8:46 PM,21891,0,2022/9/11,18.18817204,0.5000625,22.12152778,27.55555556,18.27256944,4.73,9.282986111
Arkansas,49,5,Ark.,3011873,16.27,2022/9/12,8:40 PM,21982,3,2022/9/12,11.22043011,0.3413125,19.41666667,27.45659722,11.48263889,3.266666667,15.97395833
Arkansas,51,5,Ark.,3011873,16.93,2022/9/13,8:35 PM,22627,2,2022/9/13,11.84201389,1.616363636,20.67508417,30.41414141,12.25589226,2.487096774,18.15824916
Arkansas,52,5,Ark.,3011873,17.27,2022/9/14,8:42 PM,22771,1,2022/9/14,13.80208333,1.508606061,21.33670034,30.55555556,12.95791246,2.283870968,17.5976431
Arkansas,52,5,Ark.,3011873,17.27,2022/9/15,6:41 AM,22771,0,2022/9/15,14.984375,0.127,21.68855219,30.08417508,14.0976431,2.725806452,15.98653199
Arkansas,54,5,Ark.,3011873,17.93,2022/9/16,8:22 PM,23496,2,2022/9/16,15.88709677,0.0079375,22.60069444,30.65798611,15.34027778,3.036666667,15.31770833
Arkansas,54,5,Ark.,3011873,17.93,2022/9/17,8:43 PM,23496,0,2022/9/17,17.07526882,0.0396875,23.96701389,32.44618056,16.70833333,4.01,15.73784722
Arkansas,54,5,Ark.,3011873,17.93,2022/9/18,8:45 PM,23496,0,2022/9/18,19.49652778,0.015393939,26.25757576,34.13468014,19.44444444,4.351612903,14.69023569
Arkansas,54,5,Ark.,3011873,17.93,2022/9/19,8:34 PM,23890,0,2022/9/19,19.86458333,0.177030303,27.28619529,35.52356902,20.20707071,3.14516129,15.31649832
Arkansas,56,5,Ark.,3011873,18.59,2022/9/20,8:45 PM,24200,2,2022/9/20,19.41493055,0.177030303,27.8047138,36.21212121,19.81818182,3.161290323,16.39393939
Arkansas,56,5,Ark.,3011873,18.59,2022/9/21,8:31 PM,24361,0,2022/9/21,18.68923611,2.286,27.91750842,36.69191919,19.94949495,3.141935484,16.74242424
Arkansas,56,5,Ark.,3011873,18.59,2022/9/22,8:39 PM,24569,0,2022/9/22,16.45138889,2.949677419,24.06060606,32.86195286,19.48148148,5.546666667,13.38047138
Arkansas,56,5,Ark.,3011873,18.59,2022/9/23,8:37 PM,24843,0,2022/9/23,11.30824373,0.015875,21.34375,29.66319444,15.75,5.703333333,13.91319444
Arkansas,56,5,Ark.,3011873,18.59,2022/9/24,8:33 PM,24843,0,2022/9/24,16.51851852,0,24.72939068,34.33154122,17.78673835,4.410344828,16.54480287
Arkansas,56,5,Ark.,3011873,18.59,2022/9/25,8:46 PM,24843,0,2022/9/25,16.47569444,1.000606061,25.14814815,32.06060606,19.47306397,4.758064516,12.58754209
Arkansas,58,5,Ark.,3011873,19.26,2022/9/26,8:27 PM,25159,2,2022/9/26,7.442708333,1.016,20.52020202,28.4006734,11.38047138,4.6,17.02020202
Arkansas,58,5,Ark.,3011873,19.26,2022/9/27,8:34 PM,25338,0,2022/9/27,5.949652778,0,18.4040404,28.95286195,8.87037037,2.529032258,20.08249158
Arkansas,58,5,Ark.,3011873,19.26,2022/9/28,8:37 PM,25506,0,2022/9/28,7.748263889,0,18.55555556,27.37878788,10.50673401,4.193548387,16.87205387
Arkansas,58,5,Ark.,3011873,19.26,2022/9/29,8:51 PM,25610,0,2022/9/29,4.876736111,3.694545455,16.76599327,24.37542088,8.747474747,6.470967742,15.62794613
Arkansas,58,5,Ark.,3011873,19.26,2022/9/30,8:46 PM,25848,0,2022/9/30,5.770833333,0,15.68855219,26.02356902,6.545454545,4.212903226,19.47811448
Arkansas,58,5,Ark.,3011873,19.26,2022/10/1,8:39 PM,25848,0,2022/10/1,6.243055556,0,16.22895623,27.11279461,6.791245791,3.290322581,20.32154882
Arkansas,58,5,Ark.,3011873,19.26,2022/10/2,7:57 PM,25848,0,2022/10/2,6.409722222,3.694545455,16.4006734,28.23063973,8.213804714,3.5,20.01683502
