location,cases,asof,state_ap,state,pop_acs_2020_5tr,updated_date,updated_time,X,case_increase,date,dewp,prcp,temp,temp_max,temp_min,wdsp,dtr
Delaware,5,10,Del.,967679,5.17,2022/8/4,2:24 PM,7507,0,2022/8/4,22.09722223,0,28.22222222,34.65740741,21.91666667,4.7,12.74074074
Delaware,6,10,Del.,967679,6.2,2022/8/5,7:51 PM,7507,1,2022/8/5,22.27777778,7.831666667,25.26851852,32.46296296,21.87037037,4.466666667,10.59259259
Delaware,6,10,Del.,967679,6.2,2022/8/6,7:58 PM,7507,0,2022/8/6,22.44444444,4.2164,26.12962963,31.75925926,22.07407407,5.466666667,9.685185187
Delaware,6,10,Del.,967679,6.2,2022/8/7,8:02 PM,7507,0,2022/8/7,23.04166667,0,28.18518518,32.78703704,23.37037037,7.366666667,9.416666667
Delaware,6,10,Del.,967679,6.2,2022/8/8,8:09 PM,8931,0,2022/8/8,23.68055556,0,28.72222222,33.5462963,24.55555556,7.433333333,8.990740742
Delaware,6,10,Del.,967679,6.2,2022/8/9,7:37 PM,9489,0,2022/8/9,23.875,0,29.99074074,35.06481482,25.41666667,7.066666667,9.648148148
Delaware,6,10,Del.,967679,6.2,2022/8/10,7:52 PM,9489,0,2022/8/10,23.34722222,5.08,28.01851852,33.75,24.25925926,4.1,9.49074074
Delaware,8,10,Del.,967679,8.27,2022/8/11,7:59 PM,10389,2,2022/8/11,21.76388889,3.259666667,25.75925926,31.59259259,22.85185185,5.083333333,8.74074074
Delaware,8,10,Del.,967679,8.27,2022/8/12,7:51 PM,10389,0,2022/8/12,16.16666667,0.804333333,24.78703704,29.36111111,21.35185185,5.866666667,8.009259258
Delaware,8,10,Del.,967679,8.27,2022/8/13,8:05 PM,10389,0,2022/8/13,11.75,0,22.46296296,27.97222222,17.07407407,6.333333333,10.89814815
Delaware,8,10,Del.,967679,8.27,2022/8/14,8:17 PM,10389,0,2022/8/14,14.31944444,0,22.10185185,27.57407407,16.98148148,4.233333333,10.59259259
Delaware,8,10,Del.,967679,8.27,2022/8/15,8:12 PM,10389,0,2022/8/15,15.55555556,0.042333333,22.35185185,26.86111111,18.38888889,5.1,8.472222223
Delaware,8,10,Del.,967679,8.27,2022/8/16,8:22 PM,10389,0,2022/8/16,15.75,0,22.27777778,26.28703704,17.51851852,7,8.76851852
Delaware,10,10,Del.,967679,10.33,2022/8/17,8:24 PM,13514,2,2022/8/17,15.625,0,21.88888889,26.60185185,17.44444444,4.883333333,9.15740741
Delaware,10,10,Del.,967679,10.33,2022/8/18,8:13 PM,14112,0,2022/8/18,15.54166667,1.185333333,22.42592593,28.90740741,16.60185185,3.85,12.30555556
Delaware,10,10,Del.,967679,10.33,2022/8/19,8:04 PM,14112,0,2022/8/19,18.26388889,0,24.55555556,30.25925926,17.78703704,4.883333333,12.47222222
Delaware,10,10,Del.,967679,10.33,2022/8/20,8:09 PM,14112,0,2022/8/20,18.54166667,0,25.35185185,30.2037037,19.68518519,4.683333333,10.51851852
Delaware,10,10,Del.,967679,10.33,2022/8/21,8:18 PM,14112,0,2022/8/21,20.93055556,0,23.85185185,29.21296296,19.84259259,4.333333333,9.370370368
Delaware,17,10,Del.,967679,17.57,2022/8/22,8:33 PM,15430,7,2022/8/22,22.73611111,4.445,24.90740741,28.94444445,21.15740741,4.266666667,7.787037037
Delaware,19,10,Del.,967679,19.63,2022/8/23,8:30 PM,15906,2,2022/8/23,20.45833333,1.439333333,24.82407408,29.75,21.05555556,4.066666667,8.694444445
Delaware,19,10,Del.,967679,19.63,2022/8/24,8:29 PM,16600,0,2022/8/24,18.09722222,0,25.44444445,30.68518519,19.94444445,3.95,10.74074074
Delaware,20,10,Del.,967679,20.67,2022/8/25,8:37 PM,16923,1,2022/8/25,18.08333334,0,25.48148148,31.68518519,19.90740741,3.266666667,11.77777778
Delaware,21,10,Del.,967679,21.7,2022/8/26,8:23 PM,17429,1,2022/8/26,20.69444445,0,27.08333333,32.72222222,20.93518519,5.95,11.78703704
Delaware,21,10,Del.,967679,21.7,2022/8/27,8:22 PM,17429,0,2022/8/27,20.54166667,0,26.19444445,32,21.90740741,4.4,10.0925926
Delaware,21,10,Del.,967679,21.7,2022/8/28,8:31 PM,17429,0,2022/8/28,22.40277778,0,25.42592593,30.67592593,21.50925926,4.916666667,9.166666668
Delaware,21,10,Del.,967679,21.7,2022/8/29,8:38 PM,18098,0,2022/8/29,22.48611111,0.042333333,25.92592593,30.49074074,21.73148148,5.166666667,8.759259262
Delaware,21,10,Del.,967679,21.7,2022/8/30,8:51 PM,18414,0,2022/8/30,22.98611111,0.211666667,26.58333333,32.33333333,22.55555556,6.266666667,9.777777778
Delaware,22,10,Del.,967679,22.73,2022/8/31,8:28 PM,18986,1,2022/8/31,18.375,0.423333333,24.81481481,31.01851852,20.92592593,6.9,10.09259259
Delaware,25,10,Del.,967679,25.84,2022/9/1,8:33 PM,19462,3,2022/9/1,14.5,0,24.00925926,30.42592593,17.87037037,5.016666667,12.55555556
Delaware,25,10,Del.,967679,25.84,2022/9/2,8:24 PM,19959,0,2022/9/2,15.05555556,0,23.26851852,29.25925926,18.2962963,6.066666667,10.96296296
Delaware,25,10,Del.,967679,25.84,2022/9/3,8:30 PM,19959,0,2022/9/3,18.25,0,23.35185185,28.39814815,18.22222222,4.633333333,10.17592593
Delaware,25,10,Del.,967679,25.84,2022/9/4,8:35 PM,19959,0,2022/9/4,19.47222223,0,24.49074074,30.35185185,18.61111111,4.1,11.74074074
Delaware,25,10,Del.,967679,25.84,2022/9/5,8:41 PM,19959,0,2022/9/5,19.79166667,0,24.80555556,30.16666667,19.97222222,5.3,10.19444444
Delaware,26,10,Del.,967679,26.87,2022/9/6,8:40 PM,20730,1,2022/9/6,21.54166667,3.513666667,23.43518519,28.87037037,21.03703704,6.216666667,7.833333333
Delaware,28,10,Del.,967679,28.94,2022/9/7,8:32 PM,21271,2,2022/9/7,20.27777778,14.26633333,21.68518518,24.53703704,20.94444444,9.05,3.592592593
Delaware,28,10,Del.,967679,28.94,2022/9/8,8:28 PM,21501,0,2022/9/8,17.20833333,4.318,21.97222222,25.27777778,19.52777778,8.3,5.75
Delaware,29,10,Del.,967679,29.97,2022/9/9,8:32 PM,21891,1,2022/9/9,15.55555556,0,21.37777778,26.17777778,16.54444444,6.4,9.633333334
Delaware,29,10,Del.,967679,29.97,2022/9/10,8:29 PM,21891,0,2022/9/10,16.68518518,0,21.55555555,26.56666667,16.34444444,4.82,10.22222222
Delaware,29,10,Del.,967679,29.97,2022/9/11,8:46 PM,21891,0,2022/9/11,20.85185185,1.1176,22.85555556,26.13333333,17.7,4.98,8.433333334
Delaware,33,10,Del.,967679,34.1,2022/9/12,8:40 PM,21982,4,2022/9/12,23.08333333,6.096,24.91666667,28.27777778,22.5462963,4.033333333,5.731481483
Delaware,34,10,Del.,967679,35.14,2022/9/13,8:35 PM,22627,1,2022/9/13,19.72222223,4.572,24.21296297,28.26851852,21.62962963,5.183333333,6.638888888
Delaware,35,10,Del.,967679,36.17,2022/9/14,8:42 PM,22771,1,2022/9/14,13.54166667,2.074333333,21.49074074,27.15740741,16.23148148,5.933333333,10.92592593
Delaware,35,10,Del.,967679,36.17,2022/9/15,6:41 AM,22771,0,2022/9/15,13.875,0,20.93518519,25.49074074,16.94444445,5.533333333,8.546296295
Delaware,35,10,Del.,967679,36.17,2022/9/16,8:22 PM,23496,0,2022/9/16,11.36111111,0,18.90740741,25.12037037,12.38888889,2.866666667,12.73148148
Delaware,35,10,Del.,967679,36.17,2022/9/17,8:43 PM,23496,0,2022/9/17,14.61111111,0,20.27777778,26.61111111,13.31481482,3.466666667,13.2962963
Delaware,35,10,Del.,967679,36.17,2022/9/18,8:45 PM,23496,0,2022/9/18,15.86111111,0,21.99074074,28.57407408,15.33333333,4.433333333,13.24074074
Delaware,35,10,Del.,967679,36.17,2022/9/19,8:34 PM,23890,0,2022/9/19,17.83333334,0,23.75925926,30.2037037,17.7962963,5.066666667,12.40740741
Delaware,35,10,Del.,967679,36.17,2022/9/20,8:45 PM,24200,0,2022/9/20,16.06944445,0,23.37037037,28.61111111,19.25,6.25,9.36111111
Delaware,35,10,Del.,967679,36.17,2022/9/21,8:31 PM,24361,0,2022/9/21,15.31944445,0,21.49074074,27.37962963,15.60185185,3.383333333,11.77777778
Delaware,36,10,Del.,967679,37.2,2022/9/22,8:39 PM,24569,1,2022/9/22,17.72222222,1.016,22.37962963,28.51851852,16.96296296,7.216666667,11.55555556
Delaware,36,10,Del.,967679,37.2,2022/9/23,8:37 PM,24843,0,2022/9/23,4.777777778,1.016,15.68518519,21.09259259,11.99074074,12.7,9.101851853
Delaware,36,10,Del.,967679,37.2,2022/9/24,8:33 PM,24843,0,2022/9/24,4.736111111,0,14.33333333,21.07407407,7.953703703,6.266666667,13.12037037
Delaware,36,10,Del.,967679,37.2,2022/9/25,8:46 PM,24843,0,2022/9/25,12.30555556,0,18.12962963,26.30555556,11.7962963,5.316666667,14.50925926
Delaware,36,10,Del.,967679,37.2,2022/9/26,8:27 PM,25159,0,2022/9/26,12.84722222,2.413,20.44444445,26.06481482,14.02777778,6,12.03703704
Delaware,36,10,Del.,967679,37.2,2022/9/27,8:34 PM,25338,0,2022/9/27,7.75,0,18.66666667,24.22222222,14.2962963,5.533333333,9.925925925
Delaware,36,10,Del.,967679,37.2,2022/9/28,8:37 PM,25506,0,2022/9/28,7.333333333,0,15.22222222,21.58333333,9.324074075,5.566666667,12.25925926
Delaware,37,10,Del.,967679,38.24,2022/9/29,8:51 PM,25610,1,2022/9/29,8.791666667,0,16.2037037,20.67592593,11.28703704,9.4,9.388888888
Delaware,38,10,Del.,967679,39.27,2022/9/30,8:46 PM,25848,1,2022/9/30,10.5,0.042333333,15.85185185,19.53703704,13.25,12.11666667,6.287037037
Delaware,38,10,Del.,967679,39.27,2022/10/1,8:39 PM,25848,0,2022/10/1,15.34722222,15.748,16.53703704,19.19444444,14.07407407,15.03333333,5.12037037
Delaware,38,10,Del.,967679,39.27,2022/10/2,7:57 PM,25848,0,2022/10/2,14.93055556,1.27,16.02777778,17.91666667,13.56481482,12.35,4.351851852
