location,cases,asof,state_ap,state,pop_acs_2020_5tr,updated_date,updated_time,X,case_increase,date,dewp,prcp,temp,temp_max,temp_min,wdsp,dtr
Indiana,62,18,Ind.,6696893,9.26,2022/8/4,2:24 PM,7507,0,8/4/2022,22.24949495,11.17059574,24.47916667,29.51289683,21.60119048,4.412727273,7.91170635
Indiana,68,18,Ind.,6696893,10.15,2022/8/5,7:51 PM,7507,6,8/5/2022,22.11515151,1.53924,24.93948413,30.26686508,21.00992063,3.427272727,9.256944445
Indiana,68,18,Ind.,6696893,10.15,2022/8/6,7:58 PM,7507,0,8/6/2022,23.61414141,0.434109091,26.73115079,32.58730159,21.45734127,4.752727273,11.12996032
Indiana,68,18,Ind.,6696893,10.15,2022/8/7,8:02 PM,7507,0,8/7/2022,23.97530864,3.595843137,26.80505051,31.75858586,23.01313131,5.374074074,8.745454545
Indiana,77,18,Ind.,6696893,11.5,2022/8/8,8:09 PM,8931,9,8/8/2022,23.68787879,8.2296,26.25198413,30.37202381,22.69742064,5.965454545,7.674603175
Indiana,77,18,Ind.,6696893,11.5,2022/8/9,7:37 PM,9489,0,8/9/2022,19.45656566,6.432826087,22.44940476,27.01686508,18.98015873,4.921818182,8.036706349
Indiana,77,18,Ind.,6696893,11.5,2022/8/10,7:52 PM,9489,0,8/10/2022,17.42626263,1.293518519,21.60813492,27.59722222,15.91964286,3.070909091,11.67757937
Indiana,77,18,Ind.,6696893,11.5,2022/8/11,7:59 PM,10389,0,8/11/2022,17.7979798,0.108185185,22.2609127,28.22718254,16.39186508,3.796363636,11.83531746
Indiana,77,18,Ind.,6696893,11.5,2022/8/12,7:51 PM,10389,0,8/12/2022,15.44848485,0.353607843,20.51686508,25.91269841,14.32936508,4.189090909,11.58333333
Indiana,77,18,Ind.,6696893,11.5,2022/8/13,8:05 PM,10389,0,8/13/2022,16.00505051,0.043961538,20.91865079,27.35714286,15.03373016,4.910909091,12.3234127
Indiana,77,18,Ind.,6696893,11.5,2022/8/14,8:17 PM,10389,0,8/14/2022,19.28080808,0.730897959,22.84821429,27.1656746,19.33829365,5.976363636,7.827380952
Indiana,77,18,Ind.,6696893,11.5,2022/8/15,8:12 PM,10389,0,8/15/2022,18.39384921,0.124603774,21.72124756,26.15789474,18.27777778,5.617857143,7.880116959
Indiana,77,18,Ind.,6696893,11.5,2022/8/16,8:22 PM,10389,0,8/16/2022,17.21428571,0.34036,21.49512671,26.98148148,16.85867446,4.123214286,10.12280702
Indiana,101,18,Ind.,6696893,15.08,2022/8/17,8:24 PM,13514,24,8/17/2022,15.84325397,0.752763636,20.85477583,27.63937622,14.2251462,3.746428571,13.41423002
Indiana,102,18,Ind.,6696893,15.23,2022/8/18,8:13 PM,14112,1,8/18/2022,15.9593254,0.045357143,21.19493177,28.27582846,14.09844055,1.930357143,14.17738791
Indiana,102,18,Ind.,6696893,15.23,2022/8/19,8:04 PM,14112,0,8/19/2022,16.8128655,0.004703704,21.84003831,28.94157088,15.21264368,4.059649123,13.7289272
Indiana,102,18,Ind.,6696893,15.23,2022/8/20,8:09 PM,14112,0,8/20/2022,18.5662768,8.94588,22.06226054,27.91091954,17.66570881,5.266666667,10.24521073
Indiana,102,18,Ind.,6696893,15.23,2022/8/21,8:18 PM,14112,0,8/21/2022,19.10233918,10.16529167,21.73467433,26.67911877,17.6848659,4.31754386,8.994252873
Indiana,107,18,Ind.,6696893,15.98,2022/8/22,8:33 PM,15430,5,8/22/2022,17.74007937,0.155964912,21.62670565,27.73684211,15.92690058,3.067857143,11.80994152
Indiana,134,18,Ind.,6696893,20.01,2022/8/23,8:30 PM,15906,27,8/23/2022,16.55357143,0.008912281,21.44152047,28.1208577,14.92300195,1.810714286,13.19785575
Indiana,137,18,Ind.,6696893,20.46,2022/8/24,8:29 PM,16600,3,8/24/2022,16.54166667,0,21.64717349,28.76900585,14.78849903,1.742857143,13.98050682
Indiana,141,18,Ind.,6696893,21.05,2022/8/25,8:37 PM,16923,4,8/25/2022,18.36805556,1.740958333,22.3128655,29.12865497,16.52339181,3.732142857,12.60526316
Indiana,147,18,Ind.,6696893,21.95,2022/8/26,8:23 PM,17429,6,8/26/2022,19.46924603,1.7145,22.95516569,28.40740741,18.00584795,3.207142857,10.40155945
Indiana,147,18,Ind.,6696893,21.95,2022/8/27,8:22 PM,17429,0,8/27/2022,18.25892857,0.040105263,22.2797271,29.44931774,15.94736842,3.082142857,13.50194932
Indiana,147,18,Ind.,6696893,21.95,2022/8/28,8:31 PM,17429,0,8/28/2022,20.60218254,1.369391304,24.59161793,31.708577,19.16276803,6.308928571,12.54580897
Indiana,162,18,Ind.,6696893,24.19,2022/8/29,8:38 PM,18098,15,8/29/2022,22.5218254,7.440341463,25.30701754,31.17153996,21.29727095,6.851785714,9.874269006
Indiana,162,18,Ind.,6696893,24.19,2022/8/30,8:51 PM,18414,0,8/30/2022,17.89484127,8.511591837,23.20175439,28.4337232,18.31384016,6.214285714,10.11988304
Indiana,153,18,Ind.,6696893,22.85,2022/8/31,8:28 PM,18986,0,8/31/2022,15.02339181,0.24962069,20.79885057,28.35249042,13.64559387,3.59122807,14.70689655
Indiana,169,18,Ind.,6696893,25.24,2022/9/1,8:33 PM,19462,16,9/1/2022,17.02678571,0.062385965,21.88499025,29.11988304,14.84795322,3.096428571,14.27192982
Indiana,172,18,Ind.,6696893,25.68,2022/9/2,8:24 PM,19959,3,9/2/2022,18.54385965,0.062385965,22.46551724,28.31800766,17.12260536,3.661403509,11.1954023
Indiana,172,18,Ind.,6696893,25.68,2022/9/3,8:30 PM,19959,0,9/3/2022,19.74463938,1.534583333,22.79310345,27.7816092,18.81800766,3.08245614,8.963601533
Indiana,172,18,Ind.,6696893,25.68,2022/9/4,8:35 PM,19959,0,9/4/2022,19.8949495,5.645020408,21.53373016,25.57142857,19.23511905,5.26,6.336309524
Indiana,172,18,Ind.,6696893,25.68,2022/9/5,8:41 PM,19959,0,9/5/2022,19.56666667,5.742392157,21.38988095,24.77281746,19.47619048,5.847272727,5.296626984
Indiana,178,18,Ind.,6696893,26.58,2022/9/6,8:40 PM,20730,6,9/6/2022,19.07575758,0.939320755,21.63690476,26.88492064,18.20337302,4.014545455,8.681547619
Indiana,182,18,Ind.,6696893,27.18,2022/9/7,8:32 PM,21271,4,9/7/2022,17.61695906,0.073890909,21.72988506,27.28927203,16.55268199,3.805263158,10.73659004
Indiana,182,18,Ind.,6696893,27.18,2022/9/8,8:28 PM,21501,0,9/8/2022,15.63352827,0.008758621,20.33908046,27.51532567,13.5210728,2.219298246,13.99425287
Indiana,183,18,Ind.,6696893,27.33,2022/9/9,8:32 PM,21891,1,9/9/2022,15.21150097,0,20.16570881,28.05363985,12.76724138,3.163157895,15.28639847
Indiana,183,18,Ind.,6696893,27.33,2022/9/10,8:29 PM,21891,0,9/10/2022,17.07504873,0.18288,21.34003831,29.0967433,14.68582375,2.087719298,14.41091954
Indiana,183,18,Ind.,6696893,27.33,2022/9/11,8:46 PM,21891,0,9/11/2022,17.75925926,8.430638298,19.49137931,24.76724138,16.33908046,6.256140351,8.42816092
Indiana,188,18,Ind.,6696893,28.07,2022/9/12,8:40 PM,21982,5,9/12/2022,11.59844055,11.94288462,15.53927203,21.22126437,10.88984674,7.522807018,10.33141762
Indiana,193,18,Ind.,6696893,28.82,2022/9/13,8:35 PM,22627,5,9/13/2022,13.02339181,0.6985,18.0862069,25.60153257,11.90900383,4.073684211,13.69252874
Indiana,195,18,Ind.,6696893,29.12,2022/9/14,8:42 PM,22771,2,9/14/2022,13.57504873,0.013137931,18.22509579,27.20498084,10.57950192,1.333333333,16.62547893
Indiana,195,18,Ind.,6696893,29.12,2022/9/15,6:41 AM,22771,0,9/15/2022,15.71442495,0.00445614,19.87068966,28.09770115,12.61302682,3.203508772,15.48467433
Indiana,203,18,Ind.,6696893,30.31,2022/9/16,8:22 PM,23496,8,9/16/2022,16.35964912,0,20.90772128,28.52259887,14.16290019,4.124561404,14.35969868
Indiana,203,18,Ind.,6696893,30.31,2022/9/17,8:43 PM,23496,0,9/17/2022,17.08869396,0.065851852,22.42467043,29.39453861,16.92184557,5.507017544,12.47269303
Indiana,203,18,Ind.,6696893,30.31,2022/9/18,8:45 PM,23496,0,9/18/2022,18.02144249,2.407227273,22.9519774,30.15725047,17.64971751,5.777192982,12.50753296
Indiana,209,18,Ind.,6696893,31.21,2022/9/19,8:34 PM,23890,6,9/19/2022,19.91910331,9.806392157,23.90583804,29.72410546,19.02259887,4.633333333,10.70150659
Indiana,211,18,Ind.,6696893,31.51,2022/9/20,8:45 PM,24200,2,9/20/2022,19.62865497,2.001864407,24.63370998,34.32391714,18.0480226,4.478947368,16.27589454
Indiana,218,18,Ind.,6696893,32.55,2022/9/21,8:31 PM,24361,7,9/21/2022,19.1754386,0.630296296,25.76553672,32.4472693,20.26741996,5.798245614,12.17984934
Indiana,221,18,Ind.,6696893,33,2022/9/22,8:39 PM,24569,3,9/22/2022,10.04310345,1.773464286,17.90092593,25.00462963,13.0537037,8.365517241,11.95092593
Indiana,223,18,Ind.,6696893,33.3,2022/9/23,8:37 PM,24843,2,9/23/2022,7.629310345,0.039511111,12.39444444,17.48518519,7.464814815,4.175862069,10.02037037
Indiana,223,18,Ind.,6696893,33.3,2022/9/24,8:33 PM,24843,0,9/24/2022,11.5497076,2.455333333,16.76177024,25.81920904,11.17890772,5.207017544,14.64030132
Indiana,223,18,Ind.,6696893,33.3,2022/9/25,8:46 PM,24843,0,9/25/2022,12.00584795,0.687916667,18.25141243,23.72975518,13.18832392,7.464912281,10.54143126
Indiana,227,18,Ind.,6696893,33.9,2022/9/26,8:27 PM,25159,4,9/26/2022,6.329434698,0.166413793,14.74858757,20.45951036,8.965160075,8.212280702,11.49435028
Indiana,228,18,Ind.,6696893,34.05,2022/9/27,8:34 PM,25338,1,9/27/2022,3.828460039,0,11.98399247,19.59039548,4.99905838,6.073684211,14.5913371
Indiana,228,18,Ind.,6696893,34.05,2022/9/28,8:37 PM,25506,0,9/28/2022,4.113984674,0.0762,10.59907407,17.9462963,3.788888889,4.798275862,14.15740741
Indiana,232,18,Ind.,6696893,34.64,2022/9/29,8:51 PM,25610,4,9/29/2022,5.289272031,0,10.98611111,19.64259259,3.353703704,3.418965517,16.28888889
Indiana,234,18,Ind.,6696893,34.94,2022/9/30,8:46 PM,25848,2,9/30/2022,6.650097466,0,12.20809793,21.06403013,4.528248588,3.822807018,16.53578154
Indiana,234,18,Ind.,6696893,34.94,2022/10/1,8:39 PM,25848,0,10/1/2022,7.063352826,0,13.57438795,22.72410546,5.832391714,5.043859649,16.89171375
Indiana,234,18,Ind.,6696893,34.94,2022/10/2,7:57 PM,25848,0,10/2/2022,8.442495127,0,14.30790961,22.39171375,7.81826742,5.566666667,14.57344633
