location,cases,asof,state_ap,state,pop_acs_2020_5tr,updated_date,updated_time,X,case_increase,date,dewp,prcp,temp,temp_max,temp_min,wdsp,dtr
Kentucky,8,21,Ky.,4461952,1.79,2022/8/4,2:24 PM,7507,0,8/4/2022,20.72222222,1.148521739,26.02430556,31.69097222,21.46527778,4.23,10.22569444
Kentucky,9,21,Ky.,4461952,2.02,2022/8/5,7:51 PM,7507,1,8/5/2022,21.27962963,3.894666667,24.20138889,29.23611111,21.515625,3.366666667,7.720486111
Kentucky,9,21,Ky.,4461952,2.02,2022/8/6,7:58 PM,7507,0,8/6/2022,21.57777778,6.965461538,24.80034722,30.50173611,21.32986111,3.92,9.171875
Kentucky,9,21,Ky.,4461952,2.02,2022/8/7,8:02 PM,7507,0,8/7/2022,21.03148148,5.275384615,24.90104167,31.60069444,20.66666667,3.686666667,10.93402778
Kentucky,11,21,Ky.,4461952,2.47,2022/8/8,8:09 PM,8931,2,8/8/2022,21.27592593,1.159933333,25.65104167,32.15972222,20.75347222,4.05,11.40625
Kentucky,10,21,Ky.,4461952,2.24,2022/8/9,7:37 PM,9489,0,8/9/2022,21.73518519,0.807357143,26.26388889,31.84201389,21.44270833,4.29,10.39930556
Kentucky,10,21,Ky.,4461952,2.24,2022/8/10,7:52 PM,9489,0,8/10/2022,21.44074074,3.6576,24.10069444,30.21354167,21.29513889,3.116666667,8.918402778
Kentucky,10,21,Ky.,4461952,2.24,2022/8/11,7:59 PM,10389,0,8/11/2022,19.8962963,9.724571429,23.99826389,29.31597222,20.65277778,2.966666667,8.663194445
Kentucky,10,21,Ky.,4461952,2.24,2022/8/12,7:51 PM,10389,0,8/12/2022,16.38148148,0.778387097,22.44097222,27.75347222,18.16666667,4.616666667,9.586805555
Kentucky,10,21,Ky.,4461952,2.24,2022/8/13,8:05 PM,10389,0,8/13/2022,14.49808429,0.03175,20.61979167,27.90104167,13.79861111,2.383333333,14.10243056
Kentucky,10,21,Ky.,4461952,2.24,2022/8/14,8:17 PM,10389,0,8/14/2022,17.0537037,0.03762963,22.30208333,28.89930556,16.01215278,3.45,12.88715278
Kentucky,10,21,Ky.,4461952,2.24,2022/8/15,8:12 PM,10389,0,8/15/2022,19.16851852,0.324068966,23.11979167,27.921875,19.13020833,3.586666667,8.791666667
Kentucky,10,21,Ky.,4461952,2.24,2022/8/16,8:22 PM,10389,0,8/16/2022,17.26666667,0.12262069,21.84722222,26.97395833,17.95833333,3.17,9.015625001
Kentucky,17,21,Ky.,4461952,3.81,2022/8/17,8:24 PM,13514,7,8/17/2022,16.27592593,0.428625,21.22569444,27.53993056,15.86111111,2.493333333,11.67881945
Kentucky,18,21,Ky.,4461952,4.03,2022/8/18,8:13 PM,14112,1,8/18/2022,15.77962963,0,21.76736111,28.68229167,15.53645833,1.933333333,13.14583333
Kentucky,18,21,Ky.,4461952,4.03,2022/8/19,8:04 PM,14112,0,8/19/2022,16.38333333,0,22.61979167,30.25,15.84548611,1.513333333,14.40451389
Kentucky,18,21,Ky.,4461952,4.03,2022/8/20,8:09 PM,14112,0,8/20/2022,18.90555556,0.390071429,23.70833333,29.80208333,17.72569444,3.46,12.07638889
Kentucky,18,21,Ky.,4461952,4.03,2022/8/21,8:18 PM,14112,0,8/21/2022,20.05363985,5.941391304,23.3655914,28.29749104,19.94623656,4.262068966,8.35125448
Kentucky,22,21,Ky.,4461952,4.93,2022/8/22,8:33 PM,15430,4,8/22/2022,18.54214559,2.803071429,22.74731183,28.48207885,18.29032258,2.696551724,10.19175627
Kentucky,23,21,Ky.,4461952,5.15,2022/8/23,8:30 PM,15906,1,8/23/2022,16.6954023,0,22.16666667,28.91397849,16.05376344,1.544827586,12.86021505
Kentucky,24,21,Ky.,4461952,5.38,2022/8/24,8:29 PM,16600,1,8/24/2022,16.17816092,0,22.51971326,29.70250896,15.97311828,1.786206897,13.72939068
Kentucky,26,21,Ky.,4461952,5.83,2022/8/25,8:37 PM,16923,2,8/25/2022,16.72413793,0,23.23655914,30.82437276,16.29928315,1.75862069,14.52508961
Kentucky,27,21,Ky.,4461952,6.05,2022/8/26,8:23 PM,17429,1,8/26/2022,18.77777778,0.061310345,24.30824373,31.37275986,17.7078853,1.84137931,13.66487455
Kentucky,27,21,Ky.,4461952,6.05,2022/8/27,8:22 PM,17429,0,8/27/2022,19.04789272,0.961571429,24.22580645,31.40501792,18.58960573,2.096551724,12.81541219
Kentucky,27,21,Ky.,4461952,6.05,2022/8/28,8:31 PM,17429,0,8/28/2022,19.67816092,0.262758621,25.88172043,32.9516129,19.3530466,3.720689655,13.59856631
Kentucky,30,21,Ky.,4461952,6.72,2022/8/29,8:38 PM,18098,3,8/29/2022,20.73371647,1.63576,26.14157706,32.19175627,21.26702509,4.648275862,10.92473118
Kentucky,30,21,Ky.,4461952,6.72,2022/8/30,8:51 PM,18414,0,8/30/2022,20.11111111,10.58333333,24.21146953,30.12365591,21.01433692,4.003448276,9.109318996
Kentucky,31,21,Ky.,4461952,6.95,2022/8/31,8:28 PM,18986,1,8/31/2022,15.06321839,3.310466667,21.66845878,28.35842294,14.90681004,2.089655172,13.4516129
Kentucky,32,21,Ky.,4461952,7.17,2022/9/1,8:33 PM,19462,1,9/1/2022,15.09003831,0,21.23476703,28.71684588,14.38709677,2.003448276,14.3297491
Kentucky,33,21,Ky.,4461952,7.4,2022/9/2,8:24 PM,19959,1,9/2/2022,16.12643678,0,22.88530466,30.74910394,15.92473118,2.327586207,14.82437276
Kentucky,33,21,Ky.,4461952,7.4,2022/9/3,8:30 PM,19959,0,9/3/2022,19.68773946,5.93725,24.04659498,29.19892473,19.22580645,3.037931034,9.973118279
Kentucky,33,21,Ky.,4461952,7.4,2022/9/4,8:35 PM,19959,0,9/4/2022,19.98809524,10.04956522,22.71481482,28.22407407,19.9462963,2.860714286,8.277777777
Kentucky,33,21,Ky.,4461952,7.4,2022/9/5,8:41 PM,19959,0,9/5/2022,20.46031746,3.33375,23.17777778,27.97222222,20.37407407,1.960714286,7.598148149
Kentucky,34,21,Ky.,4461952,7.62,2022/9/6,8:40 PM,20730,1,9/6/2022,20.81069959,5.67944,22.76666667,28.32962963,19.83518519,2.217857143,8.494444445
Kentucky,34,21,Ky.,4461952,7.62,2022/9/7,8:32 PM,21271,0,9/7/2022,18.36904762,3.038592593,22.15555556,27.54259259,18.53518519,4.067857143,9.007407407
Kentucky,34,21,Ky.,4461952,7.62,2022/9/8,8:28 PM,21501,0,9/8/2022,14.66858238,0,20.25806452,26.79749104,14.30645161,2.875862069,12.49103943
Kentucky,36,21,Ky.,4461952,8.07,2022/9/9,8:32 PM,21891,2,9/9/2022,15.63218391,0,21.21326165,29.23297491,14.50716846,2.506896552,14.72580645
Kentucky,36,21,Ky.,4461952,8.07,2022/9/10,8:29 PM,21891,0,9/10/2022,17.75670498,0.080818182,22.08960574,27.34767025,17.06451613,2.596551724,10.28315412
Kentucky,36,21,Ky.,4461952,8.07,2022/9/11,8:46 PM,21891,0,9/11/2022,19.27203065,2.053166667,21.81362007,26.91756272,19.03046595,3.434482759,7.887096774
Kentucky,36,21,Ky.,4461952,8.07,2022/9/12,8:40 PM,21982,0,9/12/2022,13.848659,5.998307692,19.10035842,24.84408602,14.63799283,5.15862069,10.20609319
Kentucky,36,21,Ky.,4461952,8.07,2022/9/13,8:35 PM,22627,0,9/13/2022,11.151341,0.131096774,17.51792115,24.27777778,11.75089606,3.651724138,12.52688172
Kentucky,39,21,Ky.,4461952,8.74,2022/9/14,8:42 PM,22771,3,9/14/2022,13.98275862,0,18.9516129,26.0734767,12.46415771,1.479310345,13.609319
Kentucky,39,21,Ky.,4461952,8.74,2022/9/15,6:41 AM,22771,0,9/15/2022,14.28544061,0,19.46594982,27.31899642,12.57168459,2.020689655,14.74731183
Kentucky,45,21,Ky.,4461952,10.09,2022/9/16,8:22 PM,23496,6,9/16/2022,14.83524904,0,20.41577061,28.6702509,13.24551971,1.55862069,15.42473118
Kentucky,45,21,Ky.,4461952,10.09,2022/9/17,8:43 PM,23496,0,9/17/2022,15.29501916,0,21.41218638,28.62724014,14.42831541,2.731034483,14.19892473
Kentucky,45,21,Ky.,4461952,10.09,2022/9/18,8:45 PM,23496,0,9/18/2022,15.31034483,0,21.37275986,28.96236559,14.82616487,3.244827586,14.13620072
Kentucky,47,21,Ky.,4461952,10.53,2022/9/19,8:34 PM,23890,2,9/19/2022,17.07471264,0.1905,22.64336918,30.2311828,16.70250896,4.010344828,13.52867384
Kentucky,48,21,Ky.,4461952,10.76,2022/9/20,8:45 PM,24200,1,9/20/2022,19.0210728,0.4572,24.98028674,32.49820789,18.11111111,1.448275862,14.38709677
Kentucky,50,21,Ky.,4461952,11.21,2022/9/21,8:31 PM,24361,2,9/21/2022,18.35119048,0.143933333,25.28888889,34.11851852,18.36111111,3.475,15.75740741
Kentucky,50,21,Ky.,4461952,11.21,2022/9/22,8:39 PM,24569,0,9/22/2022,14.33730159,0.159925926,22.49444444,29.72962963,17.86666667,6.421428571,11.86296296
Kentucky,51,21,Ky.,4461952,11.43,2022/9/23,8:37 PM,24843,1,9/23/2022,5.618773946,0.008193548,14.71146954,22.41577061,8.137992831,4.131034483,14.27777778
Kentucky,51,21,Ky.,4461952,11.43,2022/9/24,8:33 PM,24843,0,9/24/2022,10.8968254,0.508,18.07168459,25.71326165,11.56451613,4.672413793,14.14874552
Kentucky,51,21,Ky.,4461952,11.43,2022/9/25,8:46 PM,24843,0,9/25/2022,13.04214559,1.29032,19.94623656,25.98924731,14.67562724,5.982758621,11.31362007
Kentucky,53,21,Ky.,4461952,11.88,2022/9/26,8:27 PM,25159,2,9/26/2022,7.143678161,0.426064516,16.79928315,23.3655914,11.46415771,5.84137931,11.90143369
Kentucky,53,21,Ky.,4461952,11.88,2022/9/27,8:34 PM,25338,0,9/27/2022,3.001915709,0,13.33154122,21.31362007,5.853046595,4.931034483,15.46057348
Kentucky,53,21,Ky.,4461952,11.88,2022/9/28,8:37 PM,25506,0,9/28/2022,3.289272031,0,11.24193548,18.59139785,4.066308244,4.010344828,14.52508961
Kentucky,53,21,Ky.,4461952,11.88,2022/9/29,8:51 PM,25610,0,9/29/2022,5.842911878,0,12.33691756,20.09856631,5.302867384,5.889655172,14.79569892
Kentucky,53,21,Ky.,4461952,11.88,2022/9/30,8:46 PM,25848,0,9/30/2022,6.450191571,0,13.26523297,21.5734767,6.421146953,5.772413793,15.15232975
Kentucky,53,21,Ky.,4461952,11.88,2022/10/1,8:39 PM,25848,0,10/1/2022,5,0.036285714,14.44802867,21.87455197,7.765232975,5.955172414,14.109319
Kentucky,53,21,Ky.,4461952,11.88,2022/10/2,7:57 PM,25848,0,10/2/2022,8.035714286,0.154214286,15.25555556,21.61481482,9.646296296,6.128571429,11.96851852
