location,cases,asof,state_ap,state,pop_acs_2020_5tr,updated_date,updated_time,X,case_increase,date,dewp,prcp,temp,temp_max,temp_min,wdsp,dtr
Mississippi,4,28,Miss.,2981835,1.34,2022/8/4,2:24 PM,7507,0,8/4/2022,23.66049383,1.592384615,26.34291188,31.59770115,22.651341,3.544444444,8.946360152
Mississippi,6,28,Miss.,2981835,2.01,2022/8/5,7:51 PM,7507,2,8/5/2022,23.41666667,2.210740741,27.3045977,33.06704981,22.76628352,4.577777778,10.30076628
Mississippi,6,28,Miss.,2981835,2.01,2022/8/6,7:58 PM,7507,0,8/6/2022,23.35596708,0.17272,27.43103448,33.62068966,22.58812261,3.555555556,11.03256705
Mississippi,6,28,Miss.,2981835,2.01,2022/8/7,8:02 PM,7507,0,8/7/2022,23.18803419,0.615461538,27.48850575,33.98850575,22.30651341,3.040740741,11.68199234
Mississippi,7,28,Miss.,2981835,2.35,2022/8/8,8:09 PM,8931,1,8/8/2022,23.32510288,1.56464,27.39272031,34.02873563,22.42528736,3.033333333,11.60344828
Mississippi,8,28,Miss.,2981835,2.68,2022/8/9,7:37 PM,9489,1,8/9/2022,23.06790124,5.414818182,26.12452107,32.64942529,22.29310345,3.985185185,10.35632184
Mississippi,8,28,Miss.,2981835,2.68,2022/8/10,7:52 PM,9489,0,8/10/2022,23.14316239,9.627809524,25.46168582,31.05172414,22.36015326,3.214814815,8.691570881
Mississippi,8,28,Miss.,2981835,2.68,2022/8/11,7:59 PM,10389,0,8/11/2022,23.33333333,5.168347826,25.79310345,31.77394636,22.75095785,2.481481481,9.022988506
Mississippi,8,28,Miss.,2981835,2.68,2022/8/12,7:51 PM,10389,0,8/12/2022,23.09615385,7.431851852,26.38697318,32.26245211,22.32375479,3.714814815,9.938697318
Mississippi,8,28,Miss.,2981835,2.68,2022/8/13,8:05 PM,10389,0,8/13/2022,21.62393162,1.641928571,26.17241379,32.73180077,20.66091954,3.133333333,12.07088123
Mississippi,8,28,Miss.,2981835,2.68,2022/8/14,8:17 PM,10389,0,8/14/2022,21.90384615,0.381,26.81992337,33.7164751,20.65517241,2.692592593,13.06130268
Mississippi,8,28,Miss.,2981835,2.68,2022/8/15,8:12 PM,10389,0,8/15/2022,23.58333333,0.154214286,28.36781609,34.79693487,22.75095785,3.314814815,12.04597701
Mississippi,8,28,Miss.,2981835,2.68,2022/8/16,8:22 PM,10389,0,8/16/2022,23.08847737,0.560551724,27.84074074,33.93703704,22.45740741,3.860714286,11.47962963
Mississippi,17,28,Miss.,2981835,5.7,2022/8/17,8:24 PM,13514,9,8/17/2022,22.39917695,4.895272727,25.05925926,30.80185185,21.64814815,3.946428571,9.153703704
Mississippi,18,28,Miss.,2981835,6.04,2022/8/18,8:13 PM,14112,1,8/18/2022,21.68312757,5.954888889,24.55,29.85185185,21.01481481,2.578571429,8.837037037
Mississippi,18,28,Miss.,2981835,6.04,2022/8/19,8:04 PM,14112,0,8/19/2022,22.14609054,5.588,25.35185185,30.77592593,21.3037037,2.335714286,9.472222222
Mississippi,18,28,Miss.,2981835,6.04,2022/8/20,8:09 PM,14112,0,8/20/2022,23.3909465,2.6035,25.92592593,31.62592593,22.50740741,3.728571429,9.118518518
Mississippi,18,28,Miss.,2981835,6.04,2022/8/21,8:18 PM,14112,0,8/21/2022,23.40740741,8.238434783,24.82592593,30.06111111,22.38148148,3.821428571,7.679629629
Mississippi,19,28,Miss.,2981835,6.37,2022/8/22,8:33 PM,15430,1,8/22/2022,23.2962963,11.80547826,24.57037037,28.44814815,22.66666667,2.289285714,5.781481481
Mississippi,21,28,Miss.,2981835,7.04,2022/8/23,8:30 PM,15906,2,8/23/2022,22.72839506,16.62641667,23.59259259,25.8962963,22.10925926,3.125,3.787037037
Mississippi,23,28,Miss.,2981835,7.71,2022/8/24,8:29 PM,16600,2,8/24/2022,22.41769547,25.26747826,23.62037037,27.26111111,21.61666667,5.214285714,5.644444445
Mississippi,25,28,Miss.,2981835,8.38,2022/8/25,8:37 PM,16923,2,8/25/2022,22.50888889,27.85207692,24.34074074,29.69814815,21.55740741,3.189285714,8.14074074
Mississippi,29,28,Miss.,2981835,9.73,2022/8/26,8:23 PM,17429,4,8/26/2022,23.24404762,5.842,25.53888889,31.27407407,22.26851852,2.371428571,9.005555555
Mississippi,29,28,Miss.,2981835,9.73,2022/8/27,8:22 PM,17429,0,8/27/2022,23.32098765,1.524,26.45925926,32.43148148,21.97037037,1.757142857,10.46111111
Mississippi,29,28,Miss.,2981835,9.73,2022/8/28,8:31 PM,17429,0,8/28/2022,23.781893,0.390769231,27.0462963,32.8037037,22.66296296,3.796428571,10.14074074
Mississippi,30,28,Miss.,2981835,10.06,2022/8/29,8:38 PM,18098,1,8/29/2022,24.09126984,0.451555556,27.62777778,33.73518519,23.03518519,2.842857143,10.7
Mississippi,32,28,Miss.,2981835,10.73,2022/8/30,8:51 PM,18414,2,8/30/2022,24.04761905,6.6675,27.04259259,33.37037037,23.14444445,2.867857143,10.22592593
Mississippi,32,28,Miss.,2981835,10.73,2022/8/31,8:28 PM,18986,0,8/31/2022,22.67078189,4.177862069,26.79074074,33.24814815,21.86296296,2.746428571,11.38518519
Mississippi,36,28,Miss.,2981835,12.07,2022/9/1,8:33 PM,19462,4,9/1/2022,19.6255144,0.166413793,25.5462963,32.62962963,19.0462963,2.292857143,13.58333333
Mississippi,40,28,Miss.,2981835,13.41,2022/9/2,8:24 PM,19959,4,9/2/2022,20.64197531,0,25.39444444,32.63148148,19.70925926,1.725,12.92222222
Mississippi,40,28,Miss.,2981835,13.41,2022/9/3,8:30 PM,19959,0,9/3/2022,23.0515873,0.565727273,26.24074074,32.09074074,21.99074074,2.185714286,10.1
Mississippi,40,28,Miss.,2981835,13.41,2022/9/4,8:35 PM,19959,0,9/4/2022,22.99382716,2.208695652,25.26481482,30.16481482,22.4037037,3.014285714,7.761111111
Mississippi,40,28,Miss.,2981835,13.41,2022/9/5,8:41 PM,19959,0,9/5/2022,22.77160494,1.778,25.23518519,30.25,22.07592593,2.610714286,8.174074074
Mississippi,41,28,Miss.,2981835,13.75,2022/9/6,8:40 PM,20730,1,9/6/2022,22.7281746,0.429846154,25.47037037,31.11481481,21.71851852,2.039285714,9.396296297
Mississippi,44,28,Miss.,2981835,14.76,2022/9/7,8:32 PM,21271,3,9/7/2022,21.79218107,0.43688,25.00555556,31.60740741,20.52777778,3.221428571,11.07962963
Mississippi,45,28,Miss.,2981835,15.09,2022/9/8,8:28 PM,21501,1,9/8/2022,19.3909465,2.833076923,24.02777778,30.21851852,19.12592593,4.742857143,11.09259259
Mississippi,48,28,Miss.,2981835,16.1,2022/9/9,8:32 PM,21891,3,9/9/2022,19.95039683,1.214782609,22.72777778,29.56481482,18.6462963,3.221428571,10.91851852
Mississippi,48,28,Miss.,2981835,16.1,2022/9/10,8:29 PM,21891,0,9/10/2022,21.59722222,6.239565217,23.71481481,29.14259259,20.53333333,3.325,8.609259259
Mississippi,48,28,Miss.,2981835,16.1,2022/9/11,8:46 PM,21891,0,9/11/2022,21.8531746,0.59944,24.53888889,30.73518518,20.39259259,2.592857143,10.34259259
Mississippi,53,28,Miss.,2981835,17.77,2022/9/12,8:40 PM,21982,5,9/12/2022,18.49404762,1.094827586,22.97037037,28.13888889,18.4037037,4.346428571,9.735185185
Mississippi,52,28,Miss.,2981835,17.44,2022/9/13,8:35 PM,22627,0,9/13/2022,13.98290598,0,20.63984674,28.98084291,13.0210728,2.703703704,15.95977012
Mississippi,55,28,Miss.,2981835,18.45,2022/9/14,8:42 PM,22771,3,9/14/2022,15.12139918,0,21.23180077,30.32758621,13.22413793,2.533333333,17.10344828
Mississippi,55,28,Miss.,2981835,18.45,2022/9/15,6:41 AM,22771,0,9/15/2022,16.85802469,0,22.42528736,30.71455939,15.10727969,2.32962963,15.60727969
Mississippi,61,28,Miss.,2981835,20.46,2022/9/16,8:22 PM,23496,6,9/16/2022,17.73717949,0,23.16475096,30.94827586,16.52681992,2.307407407,14.42145594
Mississippi,61,28,Miss.,2981835,20.46,2022/9/17,8:43 PM,23496,0,9/17/2022,18.1025641,0.435428571,23.63409962,31.37739464,16.79310345,3.162962963,14.58429119
Mississippi,61,28,Miss.,2981835,20.46,2022/9/18,8:45 PM,23496,0,9/18/2022,19.66460905,0,24.8045977,32.79885058,18.29118774,2.403703704,14.50766284
Mississippi,65,28,Miss.,2981835,21.8,2022/9/19,8:34 PM,23890,4,9/19/2022,20.47530864,0.156307692,25.61494253,33.44061303,18.97126437,2.303703704,14.46934866
Mississippi,66,28,Miss.,2981835,22.13,2022/9/20,8:45 PM,24200,1,9/20/2022,20.29273504,0,26.35823755,34.41954023,18.78544061,1.844444444,15.63409962
Mississippi,70,28,Miss.,2981835,23.48,2022/9/21,8:31 PM,24361,4,9/21/2022,21.25793651,0,27.51111111,35.83518519,20.61296296,2.671428571,15.22222222
Mississippi,71,28,Miss.,2981835,23.81,2022/9/22,8:39 PM,24569,1,9/22/2022,21.10493827,0,26.86481481,34.45740741,20.35555556,3.371428571,14.10185185
Mississippi,73,28,Miss.,2981835,24.48,2022/9/23,8:37 PM,24843,2,9/23/2022,14.58760684,0.017517241,23.57471264,30.93103448,16.99425287,4.885185185,13.93678161
Mississippi,73,28,Miss.,2981835,24.48,2022/9/24,8:33 PM,24843,0,9/24/2022,16.03846154,0,23.43253968,33.24801587,15.40277778,2.492307692,17.8452381
Mississippi,73,28,Miss.,2981835,24.48,2022/9/25,8:46 PM,24843,0,9/25/2022,20.36538462,1.685636364,25.12103175,32.4265873,19.2202381,3.757692308,13.20634921
Mississippi,79,28,Miss.,2981835,26.49,2022/9/26,8:27 PM,25159,6,9/26/2022,15.47222222,0.293076923,23.33524904,29.98850575,16.72413793,4.444444444,13.26436782
Mississippi,82,28,Miss.,2981835,27.5,2022/9/27,8:34 PM,25338,3,9/27/2022,8.412393163,0,18.61494253,27.29118774,9.906130268,4.9,17.38505747
Mississippi,85,28,Miss.,2981835,28.51,2022/9/28,8:37 PM,25506,3,9/28/2022,7.726337449,0,17.90229885,26.14559387,10.37164751,6.640740741,15.77394636
Mississippi,85,28,Miss.,2981835,28.51,2022/9/29,8:51 PM,25610,0,9/29/2022,6.166666667,0.027214286,16.51915709,24.50957854,8.900383142,7.855555556,15.6091954
Mississippi,87,28,Miss.,2981835,29.18,2022/9/30,8:46 PM,25848,2,9/30/2022,8.518518519,0.018814815,16.99616858,26.34482759,9.053639846,5.551851852,17.29118774
Mississippi,87,28,Miss.,2981835,29.18,2022/10/1,8:39 PM,25848,0,10/1/2022,8.600823045,0.009071429,17.00574713,27.11111111,8.036398467,4.318518519,19.07471264
Mississippi,87,28,Miss.,2981835,29.18,2022/10/2,7:57 PM,25848,0,10/2/2022,8.917695473,0.018142857,16.71072797,28.22988506,8.362068966,4.092592593,19.86781609
