location,cases,asof,state_ap,state,pop_acs_2020_5tr,updated_date,updated_time,X,case_increase,date,dewp,prcp,temp,temp_max,temp_min,wdsp,dtr
Missouri,12,29,Mo.,6124160,1.96,2022/8/4,2:24 PM,7507,0,8/4/2022,22.5982906,18.41062069,26.30555556,32.07804233,21.89417989,4.8,10.18386243
Missouri,14,29,Mo.,6124160,2.29,2022/8/5,7:51 PM,7507,2,8/5/2022,22.5,3.5052,26.91931217,33.37433862,21.44973545,3.246153846,11.92460317
Missouri,14,29,Mo.,6124160,2.29,2022/8/6,7:58 PM,7507,0,8/6/2022,23.23504274,0.31595122,28.76455026,34.38359788,23.6984127,6.556410256,10.68518519
Missouri,14,29,Mo.,6124160,2.29,2022/8/7,8:02 PM,7507,0,8/7/2022,22.66381766,0.018142857,28.8478836,34.19312169,24.07407407,6.666666667,10.11904762
Missouri,15,29,Mo.,6124160,2.45,2022/8/8,8:09 PM,8931,1,8/8/2022,22.40883191,0.448235294,27.53835979,33.17857143,23.75793651,5.887179487,9.42063492
Missouri,17,29,Mo.,6124160,2.78,2022/8/9,7:37 PM,9489,2,8/9/2022,20.26276276,3.740727273,24.22361111,29.65277778,20.34027778,4.021621622,9.312500001
Missouri,17,29,Mo.,6124160,2.78,2022/8/10,7:52 PM,9489,0,8/10/2022,18.72072072,1.693333333,23.89305556,29.81527778,18.51527778,3.548648649,11.3
Missouri,18,29,Mo.,6124160,2.94,2022/8/11,7:59 PM,10389,1,8/11/2022,17.29012346,0.013025641,23.42165242,30.91168091,16.16381766,2.886111111,14.74786325
Missouri,18,29,Mo.,6124160,2.94,2022/8/12,7:51 PM,10389,0,8/12/2022,18.49853801,0,24.71273713,30.86585366,18.86314363,4.218421053,12.00271003
Missouri,18,29,Mo.,6124160,2.94,2022/8/13,8:05 PM,10389,0,8/13/2022,18.77923977,0.00635,25.0501355,32.67073171,18.41056911,5.565789474,14.2601626
Missouri,18,29,Mo.,6124160,2.94,2022/8/14,8:17 PM,10389,0,8/14/2022,19.64181287,0,26.07859079,32.21544715,20.78184282,5.334210526,11.43360434
Missouri,18,29,Mo.,6124160,2.94,2022/8/15,8:12 PM,10389,0,8/15/2022,19.23976608,0.006684211,24.31436314,29.58130081,20.08130081,5.331578947,9.5
Missouri,18,29,Mo.,6124160,2.94,2022/8/16,8:22 PM,10389,0,8/16/2022,18.74561404,15.46678571,21.58943089,26.77506775,18.99728997,6.586842105,7.777777777
Missouri,25,29,Mo.,6124160,4.08,2022/8/17,8:24 PM,13514,7,8/17/2022,17.88888889,11.01124324,22.06084656,27.88095238,17.80291005,4.448717949,10.07804233
Missouri,25,29,Mo.,6124160,4.08,2022/8/18,8:13 PM,14112,0,8/18/2022,16.56552707,0.114904762,22.13227513,28.67724868,15.81613757,1.930769231,12.86111111
Missouri,25,29,Mo.,6124160,4.08,2022/8/19,8:04 PM,14112,0,8/19/2022,17.18376068,0.100263158,22.51455026,29.05026455,16.80687831,4.056410256,12.24338624
Missouri,25,29,Mo.,6124160,4.08,2022/8/20,8:09 PM,14112,0,8/20/2022,18.35897436,0.63062069,23.81746032,29.76984127,18.70767196,5.033333333,11.06216931
Missouri,25,29,Mo.,6124160,4.08,2022/8/21,8:18 PM,14112,0,8/21/2022,18.71367521,2.340918919,22.97751323,28.71031746,17.88359788,4.017948718,10.82671958
Missouri,34,29,Mo.,6124160,5.55,2022/8/22,8:33 PM,15430,9,8/22/2022,18.00712251,0.078619048,22.84920635,28.92592593,16.90079365,3.148717949,12.02513228
Missouri,38,29,Mo.,6124160,6.2,2022/8/23,8:30 PM,15906,4,8/23/2022,17.26210826,0.024190476,22.76587302,29.4973545,16.45238095,2.482051282,13.04497355
Missouri,39,29,Mo.,6124160,6.37,2022/8/24,8:29 PM,16600,1,8/24/2022,17.57834758,0.006047619,23.51322751,30.63888889,17.03174603,2.669230769,13.60714286
Missouri,41,29,Mo.,6124160,6.69,2022/8/25,8:37 PM,16923,2,8/25/2022,18.21794872,0,24.30026455,31.74206349,17.61243386,3.069230769,14.12962963
Missouri,42,29,Mo.,6124160,6.86,2022/8/26,8:23 PM,17429,1,8/26/2022,19.58974359,0.13025641,25.04232804,31.92592593,18.77645503,2.566666667,13.1494709
Missouri,42,29,Mo.,6124160,6.86,2022/8/27,8:22 PM,17429,0,8/27/2022,20.19230769,0.415073171,25.55687831,32.55026455,19.5,4.023076923,13.05026455
Missouri,42,29,Mo.,6124160,6.86,2022/8/28,8:31 PM,17429,0,8/28/2022,21.19230769,2.653862069,25.56613757,31.60582011,20.9537037,6.735897436,10.6521164
Missouri,47,29,Mo.,6124160,7.67,2022/8/29,8:38 PM,18098,5,8/29/2022,22.28490028,4.85775,26.34259259,32.26851852,22.13888889,6.646153846,10.12962963
Missouri,50,29,Mo.,6124160,8.16,2022/8/30,8:51 PM,18414,3,8/30/2022,18.47578348,4.550228571,24.05291005,30.75925926,18.59391534,4.143589744,12.16534391
Missouri,53,29,Mo.,6124160,8.65,2022/8/31,8:28 PM,18986,3,8/31/2022,14.94871795,0,22.23544974,30.23412698,14.22486773,1.761538462,16.00925926
Missouri,53,29,Mo.,6124160,8.65,2022/9/1,8:33 PM,19462,0,9/1/2022,16.77777778,0,22.96957672,30.9047619,16.07671958,3.351282051,14.82804233
Missouri,55,29,Mo.,6124160,8.98,2022/9/2,8:24 PM,19959,2,9/2/2022,19.17948718,1.090705882,23.21428571,28.2989418,18.98941799,4.448717949,9.30952381
Missouri,55,29,Mo.,6124160,8.98,2022/9/3,8:30 PM,19959,0,9/3/2022,19.27635328,4.6228,22.33068783,28.72883598,18.11640212,3.387179487,10.61243386
Missouri,55,29,Mo.,6124160,8.98,2022/9/4,8:35 PM,19959,0,9/4/2022,19.53888889,0.926756757,22.60852713,27.90956072,18.5245478,4.0025,9.38501292
Missouri,55,29,Mo.,6124160,8.98,2022/9/5,8:41 PM,19959,0,9/5/2022,19.56666667,2.54,22.06330749,26.83591731,18.82041344,4.1475,8.015503876
Missouri,59,29,Mo.,6124160,9.63,2022/9/6,8:40 PM,20730,4,9/6/2022,19.22083333,0.749609756,22.20155039,27.95478036,18.1627907,2.8125,9.791989664
Missouri,61,29,Mo.,6124160,9.96,2022/9/7,8:32 PM,21271,2,9/7/2022,17.88055556,0,22.52196382,28.93927649,16.81912145,3.5275,12.12015504
Missouri,61,29,Mo.,6124160,9.96,2022/9/8,8:28 PM,21501,0,9/8/2022,16.01805556,0,21.67183462,28.50258398,14.90826873,2.7075,13.59431525
Missouri,61,29,Mo.,6124160,9.96,2022/9/9,8:32 PM,21891,0,9/9/2022,15.68333333,0,21.93669251,29.41343669,14.98966408,4.0175,14.42377261
Missouri,61,29,Mo.,6124160,9.96,2022/9/10,8:29 PM,21891,0,9/10/2022,16.7875,0.302054054,21.74547804,29.62661499,15.66666667,3.3925,13.95994832
Missouri,61,29,Mo.,6124160,9.96,2022/9/11,8:46 PM,21891,0,9/11/2022,14.49027778,11.32489655,19.28682171,24.92764858,15.28294574,7.3625,9.644702842
Missouri,62,29,Mo.,6124160,10.12,2022/9/12,8:40 PM,21982,1,9/12/2022,9.763888889,1.388139535,17.87984496,26.93540052,10.40568475,5.155,16.52971576
Missouri,69,29,Mo.,6124160,11.27,2022/9/13,8:35 PM,22627,7,9/13/2022,11.85555555,0,19.69121447,29.29715762,11.40568475,2.625,17.89147287
Missouri,70,29,Mo.,6124160,11.43,2022/9/14,8:42 PM,22771,1,9/14/2022,13.725,0,21.42894057,30.35400517,13.49354005,3.8475,16.86046512
Missouri,70,29,Mo.,6124160,11.43,2022/9/15,6:41 AM,22771,0,9/15/2022,14.79861111,0,21.63178295,28.99483204,14.54521964,5.0725,14.4496124
Missouri,75,29,Mo.,6124160,12.25,2022/9/16,8:22 PM,23496,5,9/16/2022,15.73888889,0,21.83074936,28.96124031,15.49483204,5.31,13.46640827
Missouri,75,29,Mo.,6124160,12.25,2022/9/17,8:43 PM,23496,0,9/17/2022,16.52777778,0,23.94573643,31.08010336,18.2377261,6.86,12.84237726
Missouri,75,29,Mo.,6124160,12.25,2022/9/18,8:45 PM,23496,0,9/18/2022,18.9125,2.263588235,25.14341085,32.29069767,19.85400517,7.175,12.43669251
Missouri,81,29,Mo.,6124160,13.23,2022/9/19,8:34 PM,23890,6,9/19/2022,19.81623932,0.713619048,27.53571429,34.93121693,21.5462963,5.933333333,13.38492064
Missouri,82,29,Mo.,6124160,13.39,2022/9/20,8:45 PM,24200,1,9/20/2022,18.60555556,0,27.79198966,35.74806202,20.76485788,5.955,14.98320413
Missouri,84,29,Mo.,6124160,13.72,2022/9/21,8:31 PM,24361,2,9/21/2022,18.00972222,0,26.60465116,34.20542636,20.18346253,5.875,14.02196382
Missouri,84,29,Mo.,6124160,13.72,2022/9/22,8:39 PM,24569,0,9/22/2022,11.78333333,1.972733333,18.35917313,24.92377261,14.80878553,6.7925,10.11498708
Missouri,84,29,Mo.,6124160,13.72,2022/9/23,8:37 PM,24843,0,9/23/2022,9.834722222,1.423939394,16.02196382,21.32170543,12.81912145,5.855,8.502583979
Missouri,84,29,Mo.,6124160,13.72,2022/9/24,8:33 PM,24843,0,9/24/2022,12.88055556,1.74625,20.31395349,31.02067183,12.64470284,4.375,18.37596899
Missouri,84,29,Mo.,6124160,13.72,2022/9/25,8:46 PM,24843,0,9/25/2022,11.34444444,0.2159,20.95736434,27.48837209,14.14211886,6.46,13.34625323
Missouri,96,29,Mo.,6124160,15.68,2022/9/26,8:27 PM,25159,12,9/26/2022,5.159722222,0.03544186,16.68992248,23.78552972,8.92118863,5.84,14.86434109
Missouri,97,29,Mo.,6124160,15.84,2022/9/27,8:34 PM,25338,1,9/27/2022,5.009722222,0,15.74160207,26.09819121,7.15374677,2.885,18.94444444
Missouri,103,29,Mo.,6124160,16.82,2022/9/28,8:37 PM,25506,6,9/28/2022,4.315277778,0,15.29844961,22.35917313,7.589147287,5.4775,14.77002584
Missouri,103,29,Mo.,6124160,16.82,2022/9/29,8:51 PM,25610,0,9/29/2022,4.554166667,0,13.47803618,22.05813953,5.709302326,5.4925,16.34883721
Missouri,113,29,Mo.,6124160,18.45,2022/9/30,8:46 PM,25848,10,9/30/2022,5.598611111,0,14.13049096,23.61757106,5.562015504,4.35,18.05555556
Missouri,113,29,Mo.,6124160,18.45,2022/10/1,8:39 PM,25848,0,10/1/2022,5.7375,0,15.05167959,24.8630491,6.49870801,3.7025,18.36434109
Missouri,113,29,Mo.,6124160,18.45,2022/10/2,7:57 PM,25848,0,10/2/2022,6.197222222,0,15.71834625,26.14211886,7.724806202,3.4625,18.41731266
