location,cases,asof,state_ap,state,pop_acs_2020_5tr,updated_date,updated_time,X,case_increase,date,dewp,prcp,temp,temp_max,temp_min,wdsp,dtr
New York,1666,36,N.Y.,19514849,85.37,2022/8/4,2:24 PM,7507,0,2022/8/4,19.5602439,0.969772727,25.20652174,31.37326087,18.48173913,5.452380952,12.89152174
New York,1862,36,N.Y.,19514849,95.41,2022/8/5,7:51 PM,7507,196,2022/8/5,20.81780488,2.378181818,25.16021739,31.09282609,20.54195652,4.033333333,10.55086957
New York,1862,36,N.Y.,19514849,95.41,2022/8/6,7:58 PM,7507,0,2022/8/6,20.69268293,0.790909091,25.47282609,31.44391304,20.52913043,5,10.91478261
New York,1862,36,N.Y.,19514849,95.41,2022/8/7,8:02 PM,7507,0,2022/8/7,21.79414634,0.822826087,26.62043478,31.80978261,21.17543478,6.578571429,10.63434783
New York,1960,36,N.Y.,19514849,100.44,2022/8/8,8:09 PM,8931,98,2022/8/8,21.77658537,1.275581395,26.21782609,31.46847826,22.49521739,7.647619048,8.97326087
New York,2104,36,N.Y.,19514849,107.82,2022/8/9,7:37 PM,9489,144,2022/8/9,20.09609756,3.041904762,24.37347826,30.385,20.65695652,7.476190476,9.728043478
New York,2104,36,N.Y.,19514849,107.82,2022/8/10,7:52 PM,9489,0,2022/8/10,16.34,0.739111111,21.94282609,27.93369565,18.10391304,3.819047619,9.829782609
New York,2132,36,N.Y.,19514849,109.25,2022/8/11,7:59 PM,10389,28,2022/8/11,15.88609756,0.321555556,21.82391304,27.50804348,16.63173913,5.147619048,10.87630435
New York,2132,36,N.Y.,19514849,109.25,2022/8/12,7:51 PM,10389,0,2022/8/12,10.94560976,0.635,20.41434783,27.02869565,14.54630435,6.247619048,12.4823913
New York,2132,36,N.Y.,19514849,109.25,2022/8/13,8:05 PM,10389,0,2022/8/13,9.454634146,0,19.04195652,26.11478261,11.86978261,4.352380952,14.245
New York,2132,36,N.Y.,19514849,109.25,2022/8/14,8:17 PM,10389,0,2022/8/14,10.60585366,0,19.58847826,27.26108696,11.31543478,3.15952381,15.94565217
New York,2132,36,N.Y.,19514849,109.25,2022/8/15,8:12 PM,10389,0,2022/8/15,12.36658537,0,20.845,27.89043478,12.67043478,3.766666667,15.22
New York,2132,36,N.Y.,19514849,109.25,2022/8/16,8:22 PM,10389,0,2022/8/16,13.96414634,0.276444444,20.71695652,27.69717391,14.2673913,4.247619048,13.42978261
New York,2675,36,N.Y.,19514849,137.08,2022/8/17,8:24 PM,13514,543,2022/8/17,14.54341463,1.379318182,20.04217391,27.02326087,14.7076087,3.845238095,12.31565217
New York,2744,36,N.Y.,19514849,140.61,2022/8/18,8:13 PM,14112,69,2022/8/18,14.68317073,3.939777778,20.13978261,27.29913043,14.64630435,5.261904762,12.65282609
New York,2744,36,N.Y.,19514849,140.61,2022/8/19,8:04 PM,14112,0,2022/8/19,14.94,0.181956522,22.34782609,29.63130435,14.93478261,4.728571429,14.69652174
New York,2744,36,N.Y.,19514849,140.61,2022/8/20,8:09 PM,14112,0,2022/8/20,16.30804878,0,23.52086957,30.97304348,16.00847826,3.85952381,14.96456522
New York,2744,36,N.Y.,19514849,140.61,2022/8/21,8:18 PM,14112,0,2022/8/21,17.98292683,0.807727273,22.77391304,29.9173913,16.96,4.871428571,12.9573913
New York,2910,36,N.Y.,19514849,149.12,2022/8/22,8:33 PM,15430,166,2022/8/22,19.21585366,5.65255814,21.81869565,27.20717391,18.37826087,3.716666667,8.828913043
New York,3019,36,N.Y.,19514849,154.7,2022/8/23,8:30 PM,15906,109,2022/8/23,19.33536585,10.26069767,22.05782609,26.60413043,19.075,4.545238095,7.529130435
New York,3038,36,N.Y.,19514849,155.68,2022/8/24,8:29 PM,16600,19,2022/8/24,17.13146341,2.457173913,22.79565217,28.56152174,17.6026087,5.219047619,10.95891304
New York,3117,36,N.Y.,19514849,159.72,2022/8/25,8:37 PM,16923,79,2022/8/25,16.33609756,0.60173913,22.80913043,29.37978261,16.58543478,3.919047619,12.79434783
New York,3124,36,N.Y.,19514849,160.08,2022/8/26,8:23 PM,17429,7,2022/8/26,18.18365854,1.033488372,22.46217391,28.55456522,17.32586957,4.878571429,11.22869565
New York,3124,36,N.Y.,19514849,160.08,2022/8/27,8:22 PM,17429,0,2022/8/27,16.41365854,1.772666667,21.78586957,27.17869565,17.37543478,4.65952381,9.80326087
New York,3124,36,N.Y.,19514849,160.08,2022/8/28,8:31 PM,17429,0,2022/8/28,16.10073171,0,21.33108696,29.16652174,15.51108696,4.357142857,13.65543478
New York,3197,36,N.Y.,19514849,163.82,2022/8/29,8:38 PM,18098,73,2022/8/29,19.59560976,0.207727273,24.73565217,30.88043478,17.89521739,6.826190476,12.98521739
New York,3273,36,N.Y.,19514849,167.72,2022/8/30,8:51 PM,18414,76,2022/8/30,20.31463415,2.153333333,23.99478261,29.41869565,19.66347826,7.516666667,9.755217391
New York,3310,36,N.Y.,19514849,169.61,2022/8/31,8:28 PM,18986,37,2022/8/31,15.62170732,11.27833333,21.62065217,27.3076087,17.65043478,8.395238095,9.657173913
New York,3367,36,N.Y.,19514849,172.54,2022/9/1,8:33 PM,19462,57,2022/9/1,10.76756098,0.795555556,19.44891304,25.79565217,14.48913043,7.280952381,11.30652174
New York,3403,36,N.Y.,19514849,174.38,2022/9/2,8:24 PM,19959,36,2022/9/2,10.30634146,0.027391304,18.09826087,27.08826087,10.86956522,4.392857143,16.21869565
New York,3403,36,N.Y.,19514849,174.38,2022/9/3,8:30 PM,19959,0,2022/9/3,14.52292683,0,20.47130435,27.24282609,12.13521739,4.454761905,15.1076087
New York,3403,36,N.Y.,19514849,174.38,2022/9/4,8:35 PM,19959,0,2022/9/4,17.8402439,0.372093023,21.31608696,27.72217391,15.57369565,4.478571429,12.14847826
New York,3403,36,N.Y.,19514849,174.38,2022/9/5,8:41 PM,19959,0,2022/9/5,17.62780488,4.529285714,19.55130435,23.56652174,17.15826087,4.823809524,6.40826087
New York,3526,36,N.Y.,19514849,180.68,2022/9/6,8:40 PM,20730,123,2022/9/6,17.71804878,12.80604651,19.12130435,22.1123913,17.14130435,6.261904762,4.971086957
New York,3542,36,N.Y.,19514849,181.5,2022/9/7,8:32 PM,21271,16,2022/9/7,16.76829268,6.655681818,18.96347826,22.23586957,17.03021739,5.176190476,5.205652174
New York,3555,36,N.Y.,19514849,182.17,2022/9/8,8:28 PM,21501,13,2022/9/8,15.38756098,0.82826087,19.43086957,25.03086957,15,3.435714286,10.03086957
New York,3591,36,N.Y.,19514849,184.01,2022/9/9,8:32 PM,21891,36,2022/9/9,14.61341463,0.291956522,19.17934783,26.07826087,13.26,2.952380952,12.81826087
New York,3591,36,N.Y.,19514849,184.01,2022/9/10,8:29 PM,21891,0,2022/9/10,14.2765,0.011111111,20.43822222,27.59155556,13.61111111,3.865853659,13.98044444
New York,3591,36,N.Y.,19514849,184.01,2022/9/11,8:46 PM,21891,0,2022/9/11,16.12625,0.193571429,19.82822222,26.236,14.93866667,3.690243902,11.29733333
New York,3591,36,N.Y.,19514849,184.01,2022/9/12,8:40 PM,21982,0,2022/9/12,18.36195122,3.948409091,20.73630435,25.195,17.38782609,3.619047619,7.807173913
New York,3679,36,N.Y.,19514849,188.52,2022/9/13,8:35 PM,22627,88,2022/9/13,17.77609756,8.72902439,19.95521739,25.10847826,16.42543478,4.033333333,8.683043478
New York,3694,36,N.Y.,19514849,189.29,2022/9/14,8:42 PM,22771,15,2022/9/14,13.86487805,8.077111111,18.82565217,24.67891304,14.04086957,7.461904762,10.63804348
New York,3694,36,N.Y.,19514849,189.29,2022/9/15,6:41 AM,22771,0,2022/9/15,8.606829268,0.078888889,16.15173913,23.52021739,11.16065217,6.573809524,12.35956522
New York,3738,36,N.Y.,19514849,191.55,2022/9/16,8:22 PM,23496,44,2022/9/16,8.114878049,0.005434783,14.2923913,21.53195652,7.880652174,3.347619048,13.65130435
New York,3738,36,N.Y.,19514849,191.55,2022/9/17,8:43 PM,23496,0,2022/9/17,11.98634146,0.010869565,17.19891304,23.75130435,9.524347826,3.519047619,14.22695652
New York,3738,36,N.Y.,19514849,191.55,2022/9/18,8:45 PM,23496,0,2022/9/18,16.29414634,0.040227273,20.52521739,25.98652174,13.58130435,6.414285714,12.40521739
New York,3755,36,N.Y.,19514849,192.42,2022/9/19,8:34 PM,23890,17,2022/9/19,17.02756098,1.826190476,20.69956522,25.71826087,16.40695652,6.130952381,9.311304348
New York,3799,36,N.Y.,19514849,194.67,2022/9/20,8:45 PM,24200,44,2022/9/20,15.01585366,8.394285714,18.76586957,23.77413043,15.58347826,6.238095238,8.190652174
New York,3810,36,N.Y.,19514849,195.24,2022/9/21,8:31 PM,24361,11,2022/9/21,14.33121951,0.484772727,18.76804348,25.47782609,13.50608696,4.99047619,11.97173913
New York,3820,36,N.Y.,19514849,195.75,2022/9/22,8:39 PM,24569,10,2022/9/22,13.84195122,5.25547619,17.97391304,24.53826087,12.55065217,8.688095238,11.9876087
New York,3842,36,N.Y.,19514849,196.88,2022/9/23,8:37 PM,24843,22,2022/9/23,3.321707317,5.655333333,10.81695652,16.71956522,7.589130435,10.75238095,9.130434783
New York,3842,36,N.Y.,19514849,196.88,2022/9/24,8:33 PM,24843,0,2022/9/24,4.768536585,0.101333333,11.3123913,18.51586957,5.485434783,5.688095238,13.03043478
New York,3842,36,N.Y.,19514849,196.88,2022/9/25,8:46 PM,24843,0,2022/9/25,10.55902439,0.531162791,14.16913043,19.27086957,7.057826087,4.7,12.21304348
New York,3881,36,N.Y.,19514849,198.87,2022/9/26,8:27 PM,25159,39,2022/9/26,11.87878049,7.247209302,15.22782609,19.57652174,11.07586957,7.407142857,8.500652174
New York,3895,36,N.Y.,19514849,199.59,2022/9/27,8:34 PM,25338,14,2022/9/27,9.504634146,4.2375,14.12826087,18.73217391,10.88152174,7.64047619,7.850652174
New York,3904,36,N.Y.,19514849,200.05,2022/9/28,8:37 PM,25506,9,2022/9/28,9.56195122,4.221777778,13.32869565,17.79804348,10.04586957,5.945238095,7.752173913
New York,3914,36,N.Y.,19514849,200.57,2022/9/29,8:51 PM,25610,10,2022/9/29,6.768536585,1.838695652,12.33369565,16.83913043,8.321521739,5.766666667,8.517608696
New York,3929,36,N.Y.,19514849,201.33,2022/9/30,8:46 PM,25848,15,2022/9/30,5.36,0.08826087,10.10913043,16.80891304,4.590434783,3.528571429,12.21847826
New York,3929,36,N.Y.,19514849,201.33,2022/10/1,8:39 PM,25848,0,2022/10/1,8.074878049,2.619333333,12.14956522,17.7623913,5.703913043,6.221428571,12.05847826
New York,3929,36,N.Y.,19514849,201.33,2022/10/2,7:57 PM,25848,0,2022/10/2,6.76195122,4.611555556,12.4626087,16.89717391,8.489130435,11.47857143,8.408043478
