location,cases,asof,state_ap,state,pop_acs_2020_5tr,updated_date,updated_time,X,case_increase,date,dewp,prcp,temp,temp_max,temp_min,wdsp,dtr
Pennsylvania,173,42,Pa.,12794885,13.52,2022/8/4,2:24 PM,7507,0,2022/8/4,20.08805556,0.936171429,25.65975,33.0235,18.172,4.056756757,14.8515
Pennsylvania,205,42,Pa.,12794885,16.02,2022/8/5,7:51 PM,7507,32,2022/8/5,20.46194444,6.013823529,24.459,32.01525,20.14425,3.483783784,11.871
Pennsylvania,205,42,Pa.,12794885,16.02,2022/8/6,7:58 PM,7507,0,2022/8/6,20.75333333,5.058833333,24.613,30.63925,20.27175,4.035135135,10.3675
Pennsylvania,205,42,Pa.,12794885,16.02,2022/8/7,8:02 PM,7507,0,2022/8/7,21.63805556,0.543277778,26.3155,31.48775,21.0915,5.467567568,10.39625
Pennsylvania,234,42,Pa.,12794885,18.29,2022/8/8,8:09 PM,8931,29,2022/8/8,21.71583333,2.052052632,26.61125,32.3055,22.28575,5.991891892,10.01975
Pennsylvania,251,42,Pa.,12794885,19.62,2022/8/9,7:37 PM,9489,17,2022/8/9,21.69944444,3.556,26.40625,32.004,22.38325,5.881081081,9.62075
Pennsylvania,251,42,Pa.,12794885,19.62,2022/8/10,7:52 PM,9489,0,2022/8/10,18.37472222,3.974756757,23.9805,30.0455,20.30975,3.386486486,9.73575
Pennsylvania,268,42,Pa.,12794885,20.95,2022/8/11,7:59 PM,10389,17,2022/8/11,16.27888889,1.744578947,23.3425,28.94125,17.75675,4.516216216,11.1845
Pennsylvania,268,42,Pa.,12794885,20.95,2022/8/12,7:51 PM,10389,0,2022/8/12,11.03305556,0.3683,21.90975,28.4205,15.6375,5.594594595,12.783
Pennsylvania,268,42,Pa.,12794885,20.95,2022/8/13,8:05 PM,10389,0,2022/8/13,8.248611111,0,19.59125,27.06,11.6195,3.408108108,15.4405
Pennsylvania,268,42,Pa.,12794885,20.95,2022/8/14,8:17 PM,10389,0,2022/8/14,11.71305556,0,20.35825,27.35,12.55725,2.794594595,14.79275
Pennsylvania,268,42,Pa.,12794885,20.95,2022/8/15,8:12 PM,10389,0,2022/8/15,14.56611111,0.473675676,20.118,26.4585,14.768,3.243243243,11.6905
Pennsylvania,268,42,Pa.,12794885,20.95,2022/8/16,8:22 PM,10389,0,2022/8/16,13.88472222,1.291166667,20.67475,27.2265,15.22225,4.354054054,12.00425
Pennsylvania,362,42,Pa.,12794885,28.29,2022/8/17,8:24 PM,13514,94,2022/8/17,14.03333333,1.114777778,20.08175,27.286,15.12775,3.018918919,12.15825
Pennsylvania,371,42,Pa.,12794885,29,2022/8/18,8:13 PM,14112,9,2022/8/18,13.34416667,0.835526316,20.165,28.2675,13.21675,3.362162162,15.05075
Pennsylvania,371,42,Pa.,12794885,29,2022/8/19,8:04 PM,14112,0,2022/8/19,14.23638889,0.240974359,22.35,30.65475,13.9015,2.694594595,16.75325
Pennsylvania,371,42,Pa.,12794885,29,2022/8/20,8:09 PM,14112,0,2022/8/20,16.80611111,0.006684211,24.60625,31.24625,15.89975,3.537837838,15.3465
Pennsylvania,371,42,Pa.,12794885,29,2022/8/21,8:18 PM,14112,0,2022/8/21,17.94,3.146777778,22.69675,30.0645,17.7485,4.156756757,12.316
Pennsylvania,422,42,Pa.,12794885,32.98,2022/8/22,8:33 PM,15430,51,2022/8/22,19.42,11.74044444,22.2725,27.74,18.705,3.4,9.035
Pennsylvania,443,42,Pa.,12794885,34.62,2022/8/23,8:30 PM,15906,21,2022/8/23,17.88138889,6.062578947,22.00675,27.7665,18.136,4.602702703,9.6305
Pennsylvania,451,42,Pa.,12794885,35.25,2022/8/24,8:29 PM,16600,8,2022/8/24,15.81305556,0.306102564,22.5975,29.03875,16.4485,3.208108108,12.59025
Pennsylvania,465,42,Pa.,12794885,36.34,2022/8/25,8:37 PM,16923,14,2022/8/25,15.485,0,22.99925,30.709,15.67775,2.213513514,15.03125
Pennsylvania,477,42,Pa.,12794885,37.28,2022/8/26,8:23 PM,17429,12,2022/8/26,18.13810811,0.24027027,24.18634146,30.5602439,17.04609756,4.342105263,13.51414634
Pennsylvania,477,42,Pa.,12794885,37.28,2022/8/27,8:22 PM,17429,0,2022/8/27,17.35297297,0.545170732,23.51487805,29.69926829,18.39804878,3.234210526,11.30121951
Pennsylvania,477,42,Pa.,12794885,37.28,2022/8/28,8:31 PM,17429,0,2022/8/28,17.61324324,0,23.37097561,30.62585366,17.38609756,3.739473684,13.2397561
Pennsylvania,516,42,Pa.,12794885,40.33,2022/8/29,8:38 PM,18098,39,2022/8/29,20.13945946,0.120315789,25.38926829,31.89414634,18.49585366,5.160526316,13.39829268
Pennsylvania,531,42,Pa.,12794885,41.5,2022/8/30,8:51 PM,18414,15,2022/8/30,20.24567568,3.604054054,24.13439024,30.5702439,20.93780488,5.471052632,9.632439024
Pennsylvania,544,42,Pa.,12794885,42.52,2022/8/31,8:28 PM,18986,13,2022/8/31,15.2172973,4.863170732,21.73560976,28.23317073,17.37439024,6.421052632,10.85878049
Pennsylvania,561,42,Pa.,12794885,43.85,2022/9/1,8:33 PM,19462,17,2022/9/1,12.69216216,0.037170732,21.54073171,27.85878049,15.54780488,5.560526316,12.31097561
Pennsylvania,572,42,Pa.,12794885,44.71,2022/9/2,8:24 PM,19959,11,2022/9/2,11.84972222,0,20.231,28.332,12.7875,2.940540541,15.5445
Pennsylvania,572,42,Pa.,12794885,44.71,2022/9/3,8:30 PM,19959,0,2022/9/3,16.78861111,0,22.19025,28.86525,14.1265,3.562162162,14.73875
Pennsylvania,572,42,Pa.,12794885,44.71,2022/9/4,8:35 PM,19959,0,2022/9/4,19.09555556,1.076157895,23.425,29.6915,17.6,2.789189189,12.0915
Pennsylvania,572,42,Pa.,12794885,44.71,2022/9/5,8:41 PM,19959,0,2022/9/5,19.65972222,6.505222222,22.59475,28.21,19.267,2.997297297,8.943
Pennsylvania,603,42,Pa.,12794885,47.13,2022/9/6,8:40 PM,20730,31,2022/9/6,19.65972222,22.89527778,21.38225,25.56,19.6335,3.416216216,5.9265
Pennsylvania,618,42,Pa.,12794885,48.3,2022/9/7,8:32 PM,21271,15,2022/9/7,17.82194444,10.58817143,19.77375,23.289,18.146,4.781081081,5.143
Pennsylvania,624,42,Pa.,12794885,48.77,2022/9/8,8:28 PM,21501,6,2022/9/8,16.02944444,4.350564103,20.3945,25.657,16.77225,3.410810811,8.88475
Pennsylvania,631,42,Pa.,12794885,49.32,2022/9/9,8:32 PM,21891,7,2022/9/9,14.6225,0.0381,20.12825,27.30425,13.982,2.648648649,13.32225
Pennsylvania,631,42,Pa.,12794885,49.32,2022/9/10,8:29 PM,21891,0,2022/9/10,14.24861111,0.013368421,19.57625,26.835,13.21075,2.889189189,13.62425
Pennsylvania,631,42,Pa.,12794885,49.32,2022/9/11,8:46 PM,21891,0,2022/9/11,17.68972222,5.109028571,19.81525,24.55975,15.132,3.062162162,9.42775
Pennsylvania,649,42,Pa.,12794885,50.72,2022/9/12,8:40 PM,21982,18,2022/9/12,19.24777778,6.589888889,21.7155,26.26125,18.54025,2.9,7.721
Pennsylvania,672,42,Pa.,12794885,52.52,2022/9/13,8:35 PM,22627,23,2022/9/13,15.2125,3.965222222,19.97,25.44875,16.267,4.954054054,9.18175
Pennsylvania,678,42,Pa.,12794885,52.99,2022/9/14,8:42 PM,22771,6,2022/9/14,12.93142857,0.508,18.27333333,24.82512821,12.65102564,5.5,12.17410256
Pennsylvania,678,42,Pa.,12794885,52.99,2022/9/15,6:41 AM,22771,0,2022/9/15,12.05885714,0,18.50410256,24.04435897,13.22512821,4.5,10.81923077
Pennsylvania,691,42,Pa.,12794885,54.01,2022/9/16,8:22 PM,23496,13,2022/9/16,11.06277778,0,16.60125,24.82875,9.953,1.883783784,14.87575
Pennsylvania,691,42,Pa.,12794885,54.01,2022/9/17,8:43 PM,23496,0,2022/9/17,14.15611111,0.006512821,19.013,26.4255,10.79875,2.440540541,15.62675
Pennsylvania,691,42,Pa.,12794885,54.01,2022/9/18,8:45 PM,23496,0,2022/9/18,15.59805556,0,20.85,27.61525,13.41525,4.3,14.2
Pennsylvania,703,42,Pa.,12794885,54.94,2022/9/19,8:34 PM,23890,12,2022/9/19,16.64,0.463176471,20.727,27.35675,15.672,4.567567568,11.68475
Pennsylvania,708,42,Pa.,12794885,55.33,2022/9/20,8:45 PM,24200,5,2022/9/20,15.00305556,4.09575,20.2955,26.22375,15.1735,4.837837838,11.05025
Pennsylvania,713,42,Pa.,12794885,55.73,2022/9/21,8:31 PM,24361,5,2022/9/21,14.62916667,0.110717949,19.78425,27.1945,13.21575,3.6,13.97875
Pennsylvania,719,42,Pa.,12794885,56.19,2022/9/22,8:39 PM,24569,6,2022/9/22,14.43083333,3.765176471,19.04975,26.2195,12.91525,7.654054054,13.30425
Pennsylvania,724,42,Pa.,12794885,56.59,2022/9/23,8:37 PM,24843,5,2022/9/23,3.843333333,2.586789474,12.1775,19.55725,7.88225,8.921621622,11.675
Pennsylvania,724,42,Pa.,12794885,56.59,2022/9/24,8:33 PM,24843,0,2022/9/24,4.9875,0.0381,12.06425,19.71075,5.96975,4.091891892,13.741
Pennsylvania,724,42,Pa.,12794885,56.59,2022/9/25,8:46 PM,24843,0,2022/9/25,11.63777778,1.103085714,15.35325,21.0425,8.34025,4.743243243,12.70225
Pennsylvania,727,42,Pa.,12794885,56.82,2022/9/26,8:27 PM,25159,3,2022/9/26,10.68694444,7.866742857,15.891,21.3165,11.533,7.905405405,9.7835
Pennsylvania,748,42,Pa.,12794885,58.46,2022/9/27,8:34 PM,25338,21,2022/9/27,7.275833333,1.977081081,13.5495,19.936,9.629,7.178378378,10.307
Pennsylvania,754,42,Pa.,12794885,58.93,2022/9/28,8:37 PM,25506,6,2022/9/28,7.797777778,2.622378378,12.182,18.31225,7.3775,5.759459459,10.93475
Pennsylvania,758,42,Pa.,12794885,59.24,2022/9/29,8:51 PM,25610,4,2022/9/29,7.513888889,0.514512821,12.9415,18.2245,7.6835,5.435135135,10.541
Pennsylvania,763,42,Pa.,12794885,59.63,2022/9/30,8:46 PM,25848,5,2022/9/30,5.968888889,0.006512821,10.86675,17.25,6.10725,4.224324324,11.14275
Pennsylvania,763,42,Pa.,12794885,59.63,2022/10/1,8:39 PM,25848,0,2022/10/1,9.060555556,3.991428571,12.323,15.926,7.27125,7.543243243,8.65475
Pennsylvania,763,42,Pa.,12794885,59.63,2022/10/2,7:57 PM,25848,0,2022/10/2,9.951388889,8.5725,12.91075,16.065,10.6025,8.597297297,5.4625
