location,cases,asof,state_ap,state,pop_acs_2020_5tr,updated_date,updated_time,X,case_increase,date,dewp,prcp,temp,temp_max,temp_min,wdsp,dtr
Puerto Rico,19,72,,3255642,5.84,2022/8/4,2:24 PM,7507,0,2022/8/4,23.946,0.028222222,28.328,30.794,26.122,8.433333333,4.672
Puerto Rico,19,72,,3255642,5.84,2022/8/5,7:51 PM,7507,0,2022/8/5,23.7925,0.959555556,28.15444444,31.07333333,25.43777778,8.375,5.635555556
Puerto Rico,19,72,,3255642,5.84,2022/8/6,7:58 PM,7507,0,2022/8/6,23.898,0.2286,29.039,31.233,26.577,8.944444444,4.656
Puerto Rico,19,72,,3255642,5.84,2022/8/7,8:02 PM,7507,0,2022/8/7,25.032,0.0635,28.534,30.772,26.244,8.288888889,4.528
Puerto Rico,32,72,,3255642,9.83,2022/8/8,8:09 PM,8931,13,2022/8/8,24.29,0.310444444,29.136,31.543,26.616,9.833333333,4.927
Puerto Rico,32,72,,3255642,9.83,2022/8/9,7:37 PM,9489,0,2022/8/9,24.048,0,28.899,31.455,26.533,8.8,4.922
Puerto Rico,32,72,,3255642,9.83,2022/8/10,7:52 PM,9489,0,2022/8/10,23.958,0.0254,28.745,31.072,26.599,7.677777778,4.473
Puerto Rico,32,72,,3255642,9.83,2022/8/11,7:59 PM,10389,0,2022/8/11,23.746,0.7112,28.41,31.194,26.033,7.722222222,5.161
Puerto Rico,32,72,,3255642,9.83,2022/8/12,7:51 PM,10389,0,2022/8/12,23.388,0,28.389,30.922,25.689,7.788888889,5.233
Puerto Rico,32,72,,3255642,9.83,2022/8/13,8:05 PM,10389,0,2022/8/13,23.41,0,28.478,30.961,25.45,6.277777778,5.511
Puerto Rico,32,72,,3255642,9.83,2022/8/14,8:17 PM,10389,0,2022/8/14,24.244,0,28.534,31.489,25.466,5.733333333,6.023
Puerto Rico,32,72,,3255642,9.83,2022/8/15,8:12 PM,10389,0,2022/8/15,24.912,0.1905,28.201,30.994,25.994,4.188888889,5
Puerto Rico,32,72,,3255642,9.83,2022/8/16,8:22 PM,10389,0,2022/8/16,24.256,2.54,28.126,31.523,25.467,3.8,6.056
Puerto Rico,66,72,,3255642,20.27,2022/8/17,8:24 PM,13514,34,2022/8/17,24.468,0.564444444,27.766,30.761,24.906,3.411111111,5.855
Puerto Rico,66,72,,3255642,20.27,2022/8/18,8:13 PM,14112,0,2022/8/18,24.4425,0.689428571,28.12444444,31.28444444,24.80888889,6.125,6.475555556
Puerto Rico,66,72,,3255642,20.27,2022/8/19,8:04 PM,14112,0,2022/8/19,24.778,2.3114,28.388,31.306,25.572,7,5.734
Puerto Rico,66,72,,3255642,20.27,2022/8/20,8:09 PM,14112,0,2022/8/20,24.576,3.01625,28.217,31.144,25.317,7.511111111,5.827
Puerto Rico,66,72,,3255642,20.27,2022/8/21,8:18 PM,14112,0,2022/8/21,24.164,2.173111111,27.817,30.805,24.978,5.922222222,5.827
Puerto Rico,77,72,,3255642,23.65,2022/8/22,8:33 PM,15430,11,2022/8/22,24.024,1.93675,27.382,30.911,24.433,4.366666667,6.478
Puerto Rico,77,72,,3255642,23.65,2022/8/23,8:30 PM,15906,0,2022/8/23,24,12.66371429,27.44555556,31.08111111,24.11111111,4.8625,6.97
Puerto Rico,90,72,,3255642,27.64,2022/8/24,8:29 PM,16600,13,2022/8/24,24.04,0.733777778,28.64666667,31.53222222,25.05555556,7.05,6.476666667
Puerto Rico,90,72,,3255642,27.64,2022/8/25,8:37 PM,16923,0,2022/8/25,24.622,1.5875,28.228,31.034,25.339,6.566666667,5.695
Puerto Rico,97,72,,3255642,29.79,2022/8/26,8:23 PM,17429,7,2022/8/26,24.7,1.608666667,28.783,31.467,25.744,7.011111111,5.723
Puerto Rico,97,72,,3255642,29.79,2022/8/27,8:22 PM,17429,0,2022/8/27,24.466,1.693333333,28.784,31.483,25.783,7.377777778,5.7
Puerto Rico,97,72,,3255642,29.79,2022/8/28,8:31 PM,17429,0,2022/8/28,24.246,3.2385,28.284,31.355,25.45,6.477777778,5.905
Puerto Rico,107,72,,3255642,32.87,2022/8/29,8:38 PM,18098,10,2022/8/29,24.998,0.649111111,28.873,31.556,25.689,6.333333333,5.867
Puerto Rico,110,72,,3255642,33.79,2022/8/30,8:51 PM,18414,3,2022/8/30,25.278,1.044222222,28.71,31.389,26.089,6.022222222,5.3
Puerto Rico,111,72,,3255642,34.09,2022/8/31,8:28 PM,18986,1,2022/8/31,24.334,0.028222222,28.495,31.278,26.011,4.666666667,5.267
Puerto Rico,111,72,,3255642,34.09,2022/9/1,8:33 PM,19462,0,2022/9/1,24.066,0.4572,28.389,31.389,25.594,5.933333333,5.795
Puerto Rico,111,72,,3255642,34.09,2022/9/2,8:24 PM,19959,0,2022/9/2,23.61,1.2192,28.555,31.688,25.078,6.4,6.61
Puerto Rico,111,72,,3255642,34.09,2022/9/3,8:30 PM,19959,0,2022/9/3,24.99,1.80975,28.788,31.556,25.828,6.755555556,5.728
Puerto Rico,111,72,,3255642,34.09,2022/9/4,8:35 PM,19959,0,2022/9/4,25.31,0.620888889,28.023,30.411,25.694,6.766666667,4.717
Puerto Rico,111,72,,3255642,34.09,2022/9/5,8:41 PM,19959,0,2022/9/5,24.922,15.27175,27.966,30.405,25.378,5.755555556,5.027
Puerto Rico,126,72,,3255642,38.7,2022/9/6,8:40 PM,20730,15,2022/9/6,24.532,3.58775,27.973,31.15,25.195,4.133333333,5.955
Puerto Rico,126,72,,3255642,38.7,2022/9/7,8:32 PM,21271,0,2022/9/7,24.324,1.397,28.213,31.472,25.594,3.733333333,5.878
Puerto Rico,131,72,,3255642,40.24,2022/9/8,8:28 PM,21501,5,2022/9/8,24.676,0.084666667,28.944,31.917,26.073,4.522222222,5.844
Puerto Rico,134,72,,3255642,41.16,2022/9/9,8:32 PM,21891,3,2022/9/9,24.788,0.197555556,28.772,31.384,26.417,4.688888889,4.967
Puerto Rico,134,72,,3255642,41.16,2022/9/10,8:29 PM,21891,0,2022/9/10,24.9725,0.108857143,28.14222222,30.93111111,25.68555556,4.9375,5.245555556
Puerto Rico,134,72,,3255642,41.16,2022/9/11,8:46 PM,21891,0,2022/9/11,24.79,5.390444444,28.48111111,31.24666667,25.60444444,5.475,5.642222222
Puerto Rico,151,72,,3255642,46.38,2022/9/12,8:40 PM,21982,17,2022/9/12,24.288,1.185333333,28.279,30.883,25.728,4.688888889,5.155
Puerto Rico,151,72,,3255642,46.38,2022/9/13,8:35 PM,22627,0,2022/9/13,24.032,1.185333333,28.627,31.538,25.428,5.911111111,6.11
Puerto Rico,155,72,,3255642,47.61,2022/9/14,8:42 PM,22771,4,2022/9/14,24.19,0,29.038,31.661,26.238,7.477777778,5.423
Puerto Rico,155,72,,3255642,47.61,2022/9/15,6:41 AM,22771,0,2022/9/15,24.408,0,28.994,31.517,26.617,8.233333333,4.9
Puerto Rico,160,72,,3255642,49.15,2022/9/16,8:22 PM,23496,5,2022/9/16,25.2,0.15875,28.895,31.239,26.2,8.366666667,5.039
Puerto Rico,160,72,,3255642,49.15,2022/9/17,8:43 PM,23496,0,2022/9/17,24.268,0.47625,28.305,30.716,25.367,10.68888889,5.349
Puerto Rico,160,72,,3255642,49.15,2022/9/18,8:45 PM,23496,0,2022/9/18,23.612,0.4445,25.449,27.739,23.75,16.45555556,3.989
Puerto Rico,163,72,,3255642,50.07,2022/9/19,8:34 PM,23890,3,2022/9/19,24.2925,12.59114286,26.33888889,27.98222222,24.29666667,10.9625,3.685555556
Puerto Rico,163,72,,3255642,50.07,2022/9/20,8:45 PM,24200,0,2022/9/20,24.4,6.4135,28.029,30.856,24.9,7.5,5.956
Puerto Rico,167,72,,3255642,51.3,2022/9/21,8:31 PM,24361,4,2022/9/21,23.722,0.127,29.055,31.706,26.189,6.933333333,5.517
Puerto Rico,170,72,,3255642,52.22,2022/9/22,8:39 PM,24569,3,2022/9/22,24.056,0.056444444,28.858,31.827,25.983,6.211111111,5.844
Puerto Rico,170,72,,3255642,52.22,2022/9/23,8:37 PM,24843,0,2022/9/23,23.956,0.733777778,28.355,31.45,25.238,5.711111111,6.212
Puerto Rico,170,72,,3255642,52.22,2022/9/24,8:33 PM,24843,0,2022/9/24,23.312,0.169333333,28.282,31.161,25.611,6.011111111,5.55
Puerto Rico,170,72,,3255642,52.22,2022/9/25,8:46 PM,24843,0,2022/9/25,23.302,0,28.028,30.883,25.206,6.077777778,5.677
Puerto Rico,172,72,,3255642,52.83,2022/9/26,8:27 PM,25159,2,2022/9/26,23.412,0.169333333,28.09,30.988,25.538,6.4,5.45
Puerto Rico,172,72,,3255642,52.83,2022/9/27,8:34 PM,25338,0,2022/9/27,23.468,2.144888889,27.95,30.994,25.228,5.855555556,5.766
Puerto Rico,179,72,,3255642,54.98,2022/9/28,8:37 PM,25506,7,2022/9/28,23.144,2.088444444,27.894,30.833,25.028,6.022222222,5.805
Puerto Rico,179,72,,3255642,54.98,2022/9/29,8:51 PM,25610,0,2022/9/29,22.722,0.53975,26.462,29.827,24.1,4.411111111,5.727
Puerto Rico,179,72,,3255642,54.98,2022/9/30,8:46 PM,25848,0,2022/9/30,23.088,1.8542,27.15,29.872,24.111,4.511111111,5.761
Puerto Rico,179,72,,3255642,54.98,2022/10/1,8:39 PM,25848,0,2022/10/1,23.014,0.09525,27.759,30.717,24.778,5.033333333,5.939
Puerto Rico,179,72,,3255642,54.98,2022/10/2,7:57 PM,25848,0,2022/10/2,23.388,0.620888889,28.689,31.811,25.638,5.122222222,6.173
