location,cases,asof,state_ap,state,pop_acs_2020_5tr,updated_date,updated_time,X,case_increase,date,dewp,prcp,temp,temp_max,temp_min,wdsp,dtr
South Carolina,23,45,S.C.,5091517,4.52,2022/8/4,2:24 PM,7507,0,2022/8/4,22.15553191,3.175,26.37490196,33.49333333,21.85392157,3.159183673,11.63941176
South Carolina,30,45,S.C.,5091517,5.89,2022/8/5,7:51 PM,7507,7,2022/8/5,22.59148936,0.338666667,26.88529412,32.84882353,22.03803922,3.02244898,10.81078431
South Carolina,30,45,S.C.,5091517,5.89,2022/8/6,7:58 PM,7507,0,2022/8/6,22.80212766,0.672352941,26.53901961,32.57647059,22.46960784,2.428571429,10.10686275
South Carolina,30,45,S.C.,5091517,5.89,2022/8/7,8:02 PM,7507,0,2022/8/7,22.29212766,2.150533333,25.76137255,32.02411765,21.99235294,2.191836735,10.03176471
South Carolina,39,45,S.C.,5091517,7.66,2022/8/8,8:09 PM,8931,9,2022/8/8,22.2673913,1.233714286,26.08823529,32.24843137,21.72627451,2.683673469,10.52215686
South Carolina,41,45,S.C.,5091517,8.05,2022/8/9,7:37 PM,9489,2,2022/8/9,22.01319149,1.149047619,27.0027451,33.23764706,22.28529412,4.528571429,10.95235294
South Carolina,41,45,S.C.,5091517,8.05,2022/8/10,7:52 PM,9489,0,2022/8/10,21.96553191,0.817217391,27.37313725,33.04392157,22.59705882,5.024489796,10.44686275
South Carolina,44,45,S.C.,5091517,8.64,2022/8/11,7:59 PM,10389,3,2022/8/11,21.27829787,0.881529412,25.80941176,31.63431373,21.84607843,4.563265306,9.788235294
South Carolina,44,45,S.C.,5091517,8.64,2022/8/12,7:51 PM,10389,0,2022/8/12,21.1187234,8.557846154,23.94137255,29.9245098,21.28843137,4.269387755,8.636078431
South Carolina,44,45,S.C.,5091517,8.64,2022/8/13,8:05 PM,10389,0,2022/8/13,18.3426087,3.804227273,24.22960784,30.15333333,19.73313725,4.47755102,10.42019608
South Carolina,44,45,S.C.,5091517,8.64,2022/8/14,8:17 PM,10389,0,2022/8/14,16.57446809,0,23.76882353,30.91254902,17.26686275,2.232653061,13.64568627
South Carolina,44,45,S.C.,5091517,8.64,2022/8/15,8:12 PM,10389,0,2022/8/15,19.17446809,0.080818182,25.28980392,32.10137255,18.89235294,4.181632653,13.20901961
South Carolina,44,45,S.C.,5091517,8.64,2022/8/16,8:22 PM,10389,0,2022/8/16,21.11041667,6.311515152,24.00653846,28.66115385,21.10884615,4.384,7.552307692
South Carolina,73,45,S.C.,5091517,14.34,2022/8/17,8:24 PM,13514,29,2022/8/17,20.17354167,2.601783784,22.96673077,26.84384615,20.79788462,3.422,6.045961538
South Carolina,72,45,S.C.,5091517,14.14,2022/8/18,8:13 PM,14112,0,2022/8/18,19.80145833,0.913190476,23.73461538,28.97653846,20.01480769,2.812,8.961730769
South Carolina,72,45,S.C.,5091517,14.14,2022/8/19,8:04 PM,14112,0,2022/8/19,20.98854167,4.082142857,23.40326923,28.06961538,20.62403846,3.228,7.445576923
South Carolina,72,45,S.C.,5091517,14.14,2022/8/20,8:09 PM,14112,0,2022/8/20,21.60893617,13.12333333,24.71807692,30.65807692,21.155,1.834,9.503076923
South Carolina,72,45,S.C.,5091517,14.14,2022/8/21,8:18 PM,14112,0,2022/8/21,22.59729167,3.519714286,25.34692308,30.1175,21.97403846,2.86,8.143461538
South Carolina,86,45,S.C.,5091517,16.89,2022/8/22,8:33 PM,15430,14,2022/8/22,22.51723404,4.275666667,24.98326923,29.68365385,22.20711538,4.048,7.476538462
South Carolina,90,45,S.C.,5091517,17.68,2022/8/23,8:30 PM,15906,4,2022/8/23,21.92916667,2.630714286,25.06846154,29.66230769,21.93173077,2.312,7.730576923
South Carolina,94,45,S.C.,5091517,18.46,2022/8/24,8:29 PM,16600,4,2022/8/24,21.85361702,1.972930233,25.25384615,30.42480769,21.64423077,1.33,8.780576923
South Carolina,95,45,S.C.,5091517,18.66,2022/8/25,8:37 PM,16923,1,2022/8/25,22.24645833,6.077857143,24.59596154,29.15884615,22.02461538,1.8,7.134230769
South Carolina,100,45,S.C.,5091517,19.64,2022/8/26,8:23 PM,17429,5,2022/8/26,21.76276596,7.681783784,24.90846154,30.82673077,21.53711538,1.584,9.289615385
South Carolina,100,45,S.C.,5091517,19.64,2022/8/27,8:22 PM,17429,0,2022/8/27,21.95446809,2.834409091,26.14346154,32.28884615,21.41442308,1.752,10.87442308
South Carolina,100,45,S.C.,5091517,19.64,2022/8/28,8:31 PM,17429,0,2022/8/28,22.18617021,0.114904762,26.18269231,31.775,21.69326923,2.966,10.08173077
South Carolina,109,45,S.C.,5091517,21.41,2022/8/29,8:38 PM,18098,9,2022/8/29,22.40553191,2.173111111,24.97192308,30.05980769,21.7875,3.008,8.272307692
South Carolina,113,45,S.C.,5091517,22.19,2022/8/30,8:51 PM,18414,4,2022/8/30,22.13234043,8.636,24.8925,31.03423077,21.21134615,2.53,9.822884615
South Carolina,113,45,S.C.,5091517,22.19,2022/8/31,8:28 PM,18986,0,2022/8/31,21.91622222,0.351692308,26.5758,32.1326,21.9678,2.54375,10.1648
South Carolina,114,45,S.C.,5091517,22.39,2022/9/1,8:33 PM,19462,1,2022/9/1,20.89266667,0,25.5942,31.3758,21.1866,2.770833333,10.1892
South Carolina,115,45,S.C.,5091517,22.59,2022/9/2,8:24 PM,19959,1,2022/9/2,20.99666667,0.526585366,25.3846,31.3024,20.7966,3.010416667,10.5058
South Carolina,115,45,S.C.,5091517,22.59,2022/9/3,8:30 PM,19959,0,2022/9/3,21.51681818,0.199081081,25.33387755,31.15632653,21.01346939,3.140425532,10.14285714
South Carolina,115,45,S.C.,5091517,22.59,2022/9/4,8:35 PM,19959,0,2022/9/4,21.84227273,0.532780488,25.36857143,30.62265306,21.58734694,3.193617021,9.035306122
South Carolina,115,45,S.C.,5091517,22.59,2022/9/5,8:41 PM,19959,0,2022/9/5,22.63511111,10.38772414,25.00183673,29.93061224,22.16326531,3.389361702,7.767346939
South Carolina,119,45,S.C.,5091517,23.37,2022/9/6,8:40 PM,20730,4,2022/9/6,22.74,4.064,26.8825,32.31115385,23.19538462,3.992,9.115769231
South Carolina,120,45,S.C.,5091517,23.57,2022/9/7,8:32 PM,21271,1,2022/9/7,22.05020833,1.451428571,26.27134615,32.23730769,22.06192308,2.378,10.17538462
South Carolina,123,45,S.C.,5091517,24.16,2022/9/8,8:28 PM,21501,3,2022/9/8,20.50042553,3.302,23.76076923,29.25442308,20.68692308,4.446,8.5675
South Carolina,129,45,S.C.,5091517,25.34,2022/9/9,8:32 PM,21891,6,2022/9/9,19.24083333,2.1844,22.91653846,27.32173077,19.72653846,5.908,7.595192308
South Carolina,129,45,S.C.,5091517,25.34,2022/9/10,8:29 PM,21891,0,2022/9/10,21.17733333,11.06853846,23.4314,28.6788,20.3478,5.002083333,8.331
South Carolina,129,45,S.C.,5091517,25.34,2022/9/11,8:46 PM,21891,0,2022/9/11,22.55933333,9.906,25.1146,30.2378,21.5846,2.947916667,8.6532
South Carolina,131,45,S.C.,5091517,25.73,2022/9/12,8:40 PM,21982,2,2022/9/12,22.2993617,1.784684211,25.61096154,30.70076923,22.26711538,3.702,8.433653846
South Carolina,132,45,S.C.,5091517,25.93,2022/9/13,8:35 PM,22627,1,2022/9/13,18.80042553,0.383490196,24.25634615,29.77326923,19.28211538,3.238,10.49115385
South Carolina,133,45,S.C.,5091517,26.12,2022/9/14,8:42 PM,22771,1,2022/9/14,15.75,0,22.03365385,28.64634615,15.91788462,2.994,12.72846154
South Carolina,133,45,S.C.,5091517,26.12,2022/9/15,6:41 AM,22771,0,2022/9/15,15.435,0,21.86288462,28.185,15.76192308,4.36,12.42307692
South Carolina,138,45,S.C.,5091517,27.1,2022/9/16,8:22 PM,23496,5,2022/9/16,16.40666667,0.019921569,21.83653846,28.42865385,16.00326923,2.744,12.42538462
South Carolina,138,45,S.C.,5091517,27.1,2022/9/17,8:43 PM,23496,0,2022/9/17,16.74229167,0,21.98519231,28.36673077,16.32596154,3.008,12.04076923
South Carolina,138,45,S.C.,5091517,27.1,2022/9/18,8:45 PM,23496,0,2022/9/18,18.31458333,0.340590909,23.05730769,29.57269231,17.59173077,3.792,11.98096154
South Carolina,142,45,S.C.,5091517,27.89,2022/9/19,8:34 PM,23890,4,2022/9/19,19.08270833,0.116416667,23.915,30.49019231,18.33634615,3.006,12.15384615
South Carolina,144,45,S.C.,5091517,28.28,2022/9/20,8:45 PM,24200,2,2022/9/20,18.83458333,0.039843137,24.52403846,32.27576923,17.87269231,1.524489796,14.40307692
South Carolina,149,45,S.C.,5091517,29.26,2022/9/21,8:31 PM,24361,5,2022/9/21,19.04354167,0,25.15326923,32.50442308,18.57480769,1.714285714,13.92961538
South Carolina,153,45,S.C.,5091517,30.05,2022/9/22,8:39 PM,24569,4,2022/9/22,19.81708333,0,25.49653846,34.43923077,18.985,3.655102041,15.45423077
South Carolina,156,45,S.C.,5091517,30.64,2022/9/23,8:37 PM,24843,3,2022/9/23,8.553125,0.437744681,21.13653846,28.11961538,14.31423077,7.097959184,13.80538462
South Carolina,156,45,S.C.,5091517,30.64,2022/9/24,8:33 PM,24843,0,2022/9/24,8.697083333,0,17.62923077,26.57903846,9.363269231,1.72244898,17.21576923
South Carolina,156,45,S.C.,5091517,30.64,2022/9/25,8:46 PM,24843,0,2022/9/25,14.29729167,0.005772727,20.74730769,28.51576923,12.96269231,4.095918367,15.55307692
South Carolina,160,45,S.C.,5091517,31.42,2022/9/26,8:27 PM,25159,4,2022/9/26,15.95479167,0.009960784,23.23192308,29.83942308,16.36346154,4.12244898,13.47596154
South Carolina,161,45,S.C.,5091517,31.62,2022/9/27,8:34 PM,25338,1,2022/9/27,10.34395833,0,19.75307692,27.24019231,12.56538462,3.128571429,14.67480769
South Carolina,164,45,S.C.,5091517,32.21,2022/9/28,8:37 PM,25506,3,2022/9/28,6.199166667,0,17.20211538,23.46365385,11.87057692,6.17755102,11.59307692
South Carolina,169,45,S.C.,5091517,33.19,2022/9/29,8:51 PM,25610,5,2022/9/29,7.107708333,0.015875,16.82576923,20.90923077,13.505,12.04081633,7.404230769
South Carolina,169,45,S.C.,5091517,33.19,2022/9/30,8:46 PM,25848,0,2022/9/30,12.01104167,11.23461538,15.63942308,18.95538462,13.48903846,15.28163265,5.466346154
South Carolina,169,45,S.C.,5091517,33.19,2022/10/1,8:39 PM,25848,0,2022/10/1,13.26765957,24.4221,17.03039216,22.69921569,13.34019608,5.702083333,9.359019608
South Carolina,169,45,S.C.,5091517,33.19,2022/10/2,7:57 PM,25848,0,2022/10/2,12.78369565,0.015875,17.2624,22.5936,12.6866,3.378723404,9.907
