location,cases,asof,state_ap,state,pop_acs_2020_5tr,updated_date,updated_time,X,case_increase,date,dewp,prcp,temp,temp_max,temp_min,wdsp,dtr
Tennessee,39,47,Tenn.,6772268,5.76,2022/8/4,2:24 PM,7507,0,2022/8/4,21.82608696,2.230782609,26.12916667,31.59958333,21.91,4.391304348,9.689583333
Tennessee,42,47,Tenn.,6772268,6.2,2022/8/5,7:51 PM,7507,3,2022/8/5,22.40863636,3.253619048,25.58291667,31.05333333,22.00958333,3.160869565,9.04375
Tennessee,42,47,Tenn.,6772268,6.2,2022/8/6,7:58 PM,7507,0,2022/8/6,22.30478261,5.974521739,26.20583333,32.20208333,22.09041667,2.865217391,10.11166667
Tennessee,42,47,Tenn.,6772268,6.2,2022/8/7,8:02 PM,7507,0,2022/8/7,21.82608696,2.447636364,25.85,32.38458333,21.08791667,3.208695652,11.29666667
Tennessee,52,47,Tenn.,6772268,7.68,2022/8/8,8:09 PM,8931,10,2022/8/8,22.30130435,2.391833333,26.44208333,32.75041667,21.1225,3.313043478,11.62791667
Tennessee,55,47,Tenn.,6772268,8.12,2022/8/9,7:37 PM,9489,3,2022/8/9,22.31434783,0.784086957,25.99875,32.16666667,21.61541667,4.086956522,10.55125
Tennessee,55,47,Tenn.,6772268,8.12,2022/8/10,7:52 PM,9489,0,2022/8/10,21.66090909,5.223565217,23.82291667,29.55333333,21.36083333,2.669565217,8.1925
Tennessee,62,47,Tenn.,6772268,9.15,2022/8/11,7:59 PM,10389,7,2022/8/11,22.08695652,8.244416667,24.53,30.06208333,21.57375,2.660869565,8.488333333
Tennessee,62,47,Tenn.,6772268,9.15,2022/8/12,7:51 PM,10389,0,2022/8/12,19.76956522,2.772833333,24.40166667,29.41666667,19.49291667,4.091304348,9.92375
Tennessee,62,47,Tenn.,6772268,9.15,2022/8/13,8:05 PM,10389,0,2022/8/13,16.21173913,0,22.54166667,29.66875,16.09208333,2.747826087,13.57666667
Tennessee,62,47,Tenn.,6772268,9.15,2022/8/14,8:17 PM,10389,0,2022/8/14,18.53217391,0,23.7825,30.86541667,17.17333333,3.534782609,13.69208333
Tennessee,62,47,Tenn.,6772268,9.15,2022/8/15,8:12 PM,10389,0,2022/8/15,20.49130435,0.328083333,25.43083333,30.24291667,20.3375,3.573913043,9.905416667
Tennessee,62,47,Tenn.,6772268,9.15,2022/8/16,8:22 PM,10389,0,2022/8/16,19.42304348,0.176695652,22.70041667,27.64333333,19.26625,3.517391304,8.377083333
Tennessee,99,47,Tenn.,6772268,14.62,2022/8/17,8:24 PM,13514,37,2022/8/17,18.23913043,1.612347826,22.36333333,27.94208333,18.0025,2.360869565,9.939583333
Tennessee,107,47,Tenn.,6772268,15.8,2022/8/18,8:13 PM,14112,8,2022/8/18,17.50173913,0.3175,23.08166667,29.85583333,17.10416667,2.130434783,12.75166667
Tennessee,107,47,Tenn.,6772268,15.8,2022/8/19,8:04 PM,14112,0,2022/8/19,18.45291667,0.14224,23.46,30.5708,17.418,1.875,13.1528
Tennessee,107,47,Tenn.,6772268,15.8,2022/8/20,8:09 PM,14112,0,2022/8/20,20.83625,1.121833333,23.9296,29.6796,19.7712,3.045833333,9.9084
Tennessee,107,47,Tenn.,6772268,15.8,2022/8/21,8:18 PM,14112,0,2022/8/21,21.71083333,5.947833333,24.0696,28.6512,20.6864,4.516666667,7.9648
Tennessee,137,47,Tenn.,6772268,20.23,2022/8/22,8:33 PM,15430,30,2022/8/22,20.6275,4.46024,24.5276,30.1572,20.6128,2.6625,9.5444
Tennessee,139,47,Tenn.,6772268,20.52,2022/8/23,8:30 PM,15906,2,2022/8/23,19.16083333,0.04064,23.732,29.9348,18.216,1.691666667,11.7188
Tennessee,139,47,Tenn.,6772268,20.52,2022/8/24,8:29 PM,16600,0,2022/8/24,19.1225,0.08128,23.8204,30.7464,18.0336,2.008333333,12.7128
Tennessee,152,47,Tenn.,6772268,22.44,2022/8/25,8:37 PM,16923,13,2022/8/25,20.32208333,0,24.8752,31.56,19.0508,1.720833333,12.5092
Tennessee,156,47,Tenn.,6772268,23.04,2022/8/26,8:23 PM,17429,4,2022/8/26,21.27333333,0.4445,25.1,31.2152,20.2464,2.025,10.9688
Tennessee,156,47,Tenn.,6772268,23.04,2022/8/27,8:22 PM,17429,0,2022/8/27,20.44916667,1.27,25.2944,32.8672,19.2132,1.408333333,13.654
Tennessee,156,47,Tenn.,6772268,23.04,2022/8/28,8:31 PM,17429,0,2022/8/28,21.40791667,0.23368,26.2172,33.156,20.3264,3.316666667,12.8296
Tennessee,165,47,Tenn.,6772268,24.36,2022/8/29,8:38 PM,18098,9,2022/8/29,22.15541667,0.963083333,26.3844,32.618,21.46,3.329166667,11.158
Tennessee,176,47,Tenn.,6772268,25.99,2022/8/30,8:51 PM,18414,11,2022/8/30,21.69916667,3.89128,25.2428,30.8536,21.1288,3.333333333,9.7248
Tennessee,181,47,Tenn.,6772268,26.73,2022/8/31,8:28 PM,18986,5,2022/8/31,17.3775,1.63576,24.0064,30.3704,17.2492,2.283333333,13.1212
Tennessee,189,47,Tenn.,6772268,27.91,2022/9/1,8:33 PM,19462,8,2022/9/1,15.90333333,0,22.3044,30.8488,14.6976,1.941666667,16.1512
Tennessee,192,47,Tenn.,6772268,28.35,2022/9/2,8:24 PM,19959,3,2022/9/2,18.45375,0.01016,23.6504,31.34,16.6684,2.1,14.6716
Tennessee,192,47,Tenn.,6772268,28.35,2022/9/3,8:30 PM,19959,0,2022/9/3,21.4075,1.693333333,24.854,30.7528,20.7868,3.170833333,9.966
Tennessee,192,47,Tenn.,6772268,28.35,2022/9/4,8:35 PM,19959,0,2022/9/4,21.405,9.53008,23.6648,28.6196,20.7288,3.095833333,7.8908
Tennessee,192,47,Tenn.,6772268,28.35,2022/9/5,8:41 PM,19959,0,2022/9/5,21.52583333,5.15112,23.7552,28.1888,21.2016,1.729166667,6.9872
Tennessee,208,47,Tenn.,6772268,30.71,2022/9/6,8:40 PM,20730,16,2022/9/6,21.28681818,3.291416667,23.81333333,29.5325,20.54625,2.056521739,8.98625
Tennessee,213,47,Tenn.,6772268,31.45,2022/9/7,8:32 PM,21271,5,2022/9/7,20.00304348,0.762,23.34208333,28.78958333,19.98125,3.926086957,8.808333333
Tennessee,212,47,Tenn.,6772268,31.3,2022/9/8,8:28 PM,21501,0,2022/9/8,16.51695652,0,22.00625,28.345,16.11333333,4.430434783,12.23166667
Tennessee,212,47,Tenn.,6772268,31.3,2022/9/9,8:32 PM,21891,0,2022/9/9,17.53666667,0.1524,21.938,29.3976,16.1308,2.6375,13.2668
Tennessee,212,47,Tenn.,6772268,31.3,2022/9/10,8:29 PM,21891,0,2022/9/10,19.47130435,0.883478261,21.5848,25.7444,18.958,2.758333333,6.7864
Tennessee,212,47,Tenn.,6772268,31.3,2022/9/11,8:46 PM,21891,0,2022/9/11,20.43541667,4.08432,22.474,27.8536,19.3912,3.325,8.4624
Tennessee,212,47,Tenn.,6772268,31.3,2022/9/12,8:40 PM,21982,0,2022/9/12,14.695,5.56768,19.9868,25.52,15.0092,3.9625,10.5108
Tennessee,232,47,Tenn.,6772268,34.26,2022/9/13,8:35 PM,22627,20,2022/9/13,11.99521739,0.783166667,18.57458333,27.45625,11.5925,3.130434783,15.86375
Tennessee,239,47,Tenn.,6772268,35.29,2022/9/14,8:42 PM,22771,7,2022/9/14,14.66826087,0,19.70208333,27.26666667,12.63416667,2.330434783,14.6325
Tennessee,239,47,Tenn.,6772268,35.29,2022/9/15,6:41 AM,22771,0,2022/9/15,15.21791667,0,20.5376,28.2916,13.4492,2.4,14.8424
Tennessee,249,47,Tenn.,6772268,36.77,2022/9/16,8:22 PM,23496,10,2022/9/16,15.95125,0,21.1704,28.8512,14.3044,1.7,14.5468
Tennessee,249,47,Tenn.,6772268,36.77,2022/9/17,8:43 PM,23496,0,2022/9/17,15.88666667,0,21.4244,28.758,14.8576,2.325,13.9004
Tennessee,249,47,Tenn.,6772268,36.77,2022/9/18,8:45 PM,23496,0,2022/9/18,16.40541667,0,21.9516,29.8732,15.402,2.004166667,14.4712
Tennessee,257,47,Tenn.,6772268,37.95,2022/9/19,8:34 PM,23890,8,2022/9/19,17.93041667,0,23.0068,31.598,16.0664,2.441666667,15.5316
Tennessee,259,47,Tenn.,6772268,38.24,2022/9/20,8:45 PM,24200,2,2022/9/20,20.16291667,0.0508,26.144,34.0908,18.618,2.395833333,15.4728
Tennessee,264,47,Tenn.,6772268,38.98,2022/9/21,8:31 PM,24361,5,2022/9/21,19.48875,0,25.7532,34.7556,18.358,1.766666667,16.3976
Tennessee,268,47,Tenn.,6772268,39.57,2022/9/22,8:39 PM,24569,4,2022/9/22,17.57583333,0,23.5664,29.3848,19.2288,5.016666667,10.156
Tennessee,273,47,Tenn.,6772268,40.31,2022/9/23,8:37 PM,24843,5,2022/9/23,8.14625,0.01016,17.2992,25.2244,10.1332,5.108333333,15.0912
Tennessee,273,47,Tenn.,6772268,40.31,2022/9/24,8:33 PM,24843,0,2022/9/24,12.035,0.03048,19.2188,28.4976,12.5776,3.245833333,15.92
Tennessee,273,47,Tenn.,6772268,40.31,2022/9/25,8:46 PM,24843,0,2022/9/25,16.94041667,0.59944,22.1,28.08,16.8376,5.4,11.2424
Tennessee,281,47,Tenn.,6772268,41.49,2022/9/26,8:27 PM,25159,8,2022/9/26,9.387083333,1.35128,18.082,25.0708,10.5,4.495833333,14.5708
Tennessee,284,47,Tenn.,6772268,41.94,2022/9/27,8:34 PM,25338,3,2022/9/27,4.903333333,0,14.652,23.7888,5.782,3.6375,18.0068
Tennessee,282,47,Tenn.,6772268,41.64,2022/9/28,8:37 PM,25506,0,2022/9/28,4.610833333,0,13.276,21.08,5.9288,4.5,15.1512
Tennessee,287,47,Tenn.,6772268,42.38,2022/9/29,8:51 PM,25610,5,2022/9/29,6.29,0,14.3052,22.814,7.3068,7.591666667,15.5072
Tennessee,292,47,Tenn.,6772268,43.12,2022/9/30,8:46 PM,25848,5,2022/9/30,7.423333333,0,15.26,24.2,7.1044,5.995833333,17.0956
Tennessee,292,47,Tenn.,6772268,43.12,2022/10/1,8:39 PM,25848,0,2022/10/1,7.199583333,0.85344,15.176,23.7244,7.9736,4.970833333,15.7508
Tennessee,292,47,Tenn.,6772268,43.12,2022/10/2,7:57 PM,25848,0,2022/10/2,7.95375,0.07112,15.5672,23.3444,9.3932,5.125,13.9512
