location,cases,asof,state_ap,state,pop_acs_2020_5tr,updated_date,updated_time,X,case_increase,date,dewp,prcp,temp,temp_max,temp_min,wdsp,dtr
Texas,527,48,Texas,28635442,18.4,2022/8/4,2:24 PM,7507,0,2022/8/4,19.44613636,0.11049,31.38297561,37.63102439,25.70678049,9.280512821,11.9242439
Texas,606,48,Texas,28635442,21.16,2022/8/5,7:51 PM,7507,79,2022/8/5,18.849375,0.099978723,30.79839024,37.16269608,25.09790244,7.434871795,12.06479364
Texas,606,48,Texas,28635442,21.16,2022/8/6,7:58 PM,7507,0,2022/8/6,18.69863636,0.554302083,29.75341463,35.95341463,24.408,7.855897436,11.54541463
Texas,606,48,Texas,28635442,21.16,2022/8/7,8:02 PM,7507,0,2022/8/7,19.30068182,0.542812183,29.87858537,36.17819512,24.42263415,8.322564103,11.75556098
Texas,702,48,Texas,28635442,24.52,2022/8/8,8:09 PM,8931,96,2022/8/8,19.20130682,0.386347368,30.08156098,36.26395122,24.58321951,6.972820513,11.68073171
Texas,748,48,Texas,28635442,26.12,2022/8/9,7:37 PM,9489,46,2022/8/9,19.31764368,0.580571429,29.62714286,35.97566502,24.15704433,6.147150259,11.81862069
Texas,748,48,Texas,28635442,26.12,2022/8/10,7:52 PM,9489,0,2022/8/10,19.97632184,0.722183784,29.00093596,35.99167488,24.05157635,5.791709845,11.94009852
Texas,780,48,Texas,28635442,27.24,2022/8/11,7:59 PM,10389,32,2022/8/11,19.82531073,2.41892228,28.4215534,35.7623301,23.29276699,4.940306122,12.46956311
Texas,780,48,Texas,28635442,27.24,2022/8/12,7:51 PM,10389,0,2022/8/12,19.16519774,0.781740933,28.83592233,35.61199029,23.30643902,5.417346939,12.30555127
Texas,780,48,Texas,28635442,27.24,2022/8/13,8:05 PM,10389,0,2022/8/13,19.18272727,0.866969388,29.27639024,35.48590244,23.81414634,5.706666667,11.6717561
Texas,780,48,Texas,28635442,27.24,2022/8/14,8:17 PM,10389,0,2022/8/14,19.01691429,2.045092784,28.83877451,34.7302451,23.38676471,6.40257732,11.34348039
Texas,780,48,Texas,28635442,27.24,2022/8/15,8:12 PM,10389,0,2022/8/15,19.54113636,6.388291457,28.96907317,34.99882927,23.64068293,7.519487179,11.35814634
Texas,780,48,Texas,28635442,27.24,2022/8/16,8:22 PM,10389,0,2022/8/16,19.56765714,4.486903553,29.1920098,35.39073529,23.90715686,6.664248705,11.48357843
Texas,1078,48,Texas,28635442,37.65,2022/8/17,8:24 PM,13514,298,2022/8/17,19.88314286,1.584854167,29.39740196,35.76421569,24.21985294,6.215463918,11.54436275
Texas,1079,48,Texas,28635442,37.68,2022/8/18,8:13 PM,14112,1,2022/8/18,20.92909091,3.175693989,27.72663415,34.41390244,23.18678049,6.080512821,11.22712195
Texas,1079,48,Texas,28635442,37.68,2022/8/19,8:04 PM,14112,0,2022/8/19,20.48045714,3.565212435,26.8,32.96911765,22.59191176,5.281958763,10.37720588
Texas,1079,48,Texas,28635442,37.68,2022/8/20,8:09 PM,14112,0,2022/8/20,20.98685714,3.443861702,27.59916667,33.71191176,23.47004902,7.138659794,10.24186275
Texas,1079,48,Texas,28635442,37.68,2022/8/21,8:18 PM,14112,0,2022/8/21,21.85508571,4.40079558,27.07671569,32.31279412,23.51661765,7.793298969,8.796176471
Texas,1283,48,Texas,28635442,44.8,2022/8/22,8:33 PM,15430,204,2022/8/22,22.379375,9.793861702,26.61634146,31.28731707,23.52921951,7.598974359,7.758097561
Texas,1340,48,Texas,28635442,46.8,2022/8/23,8:30 PM,15906,57,2022/8/23,21.50153409,15.60809626,25.86926108,31.23940887,22.68448276,5.512886598,8.554926108
Texas,1374,48,Texas,28635442,47.98,2022/8/24,8:29 PM,16600,34,2022/8/24,21.14638418,1.536959184,26.68385366,31.73321951,22.93858537,5.14,8.794634146
Texas,1432,48,Texas,28635442,50.01,2022/8/25,8:37 PM,16923,58,2022/8/25,20.41276836,1.90435533,26.80229268,32.42756098,22.39497561,4.429081633,10.03258537
Texas,1472,48,Texas,28635442,51.4,2022/8/26,8:23 PM,17429,40,2022/8/26,20.26659091,2.368061538,27.42009804,33.27083333,22.56088235,4.104615385,10.70995098
Texas,1472,48,Texas,28635442,51.4,2022/8/27,8:22 PM,17429,0,2022/8/27,20.65977401,1.048901554,28.28980583,34.04834951,23.42135922,5.393367347,10.62699029
Texas,1472,48,Texas,28635442,51.4,2022/8/28,8:31 PM,17429,0,2022/8/28,21.19175141,0.807126904,28.94393204,34.74961165,24.12703883,7.819897959,10.62257282
Texas,1604,48,Texas,28635442,56.01,2022/8/29,8:38 PM,18098,132,2022/8/29,21.48629213,0.868947368,28.32270531,33.76323671,23.9615942,7.389795918,9.801642512
Texas,1642,48,Texas,28635442,57.34,2022/8/30,8:51 PM,18414,38,2022/8/30,22.04876404,6.1722,26.41710145,31.9,23.16961353,6.460204082,8.730386473
Texas,1664,48,Texas,28635442,58.11,2022/8/31,8:28 PM,18986,22,2022/8/31,22.03651685,6.821714286,26.01845411,31.21154589,22.89681159,4.458163265,8.3147343
Texas,1698,48,Texas,28635442,59.3,2022/9/1,8:33 PM,19462,34,2022/9/1,21.81275281,4.225636364,26.15067633,31.2694686,22.90154589,4.000510204,8.367922705
Texas,1730,48,Texas,28635442,60.41,2022/9/2,8:24 PM,19959,32,2022/9/2,21.82608939,3.618148936,26.25841346,31.55677885,22.89956731,4.668527919,8.657211538
Texas,1730,48,Texas,28635442,60.41,2022/9/3,8:30 PM,19959,0,2022/9/3,21.76251397,3.912397906,26.330625,31.97932692,22.443125,4.281725888,9.536201923
Texas,1730,48,Texas,28635442,60.41,2022/9/4,8:35 PM,19959,0,2022/9/4,20.38142045,5.326184615,25.52941463,31.30629268,21.48160976,3.943298969,9.824682927
Texas,1730,48,Texas,28635442,60.41,2022/9/5,8:41 PM,19959,0,2022/9/5,19.41942529,2.800546392,25.20551724,31.53694581,20.54738916,4.271354167,10.98955665
Texas,1859,48,Texas,28635442,64.92,2022/9/6,8:40 PM,20730,129,2022/9/6,19.606875,0.700733668,26.39819512,32.50756098,21.32278049,4.334536082,11.18478049
Texas,1871,48,Texas,28635442,65.34,2022/9/7,8:32 PM,21271,12,2022/9/7,19.4279661,1.144282828,26.8526699,33.24330097,21.48436893,4.108717949,11.75893204
Texas,1901,48,Texas,28635442,66.39,2022/9/8,8:28 PM,21501,30,2022/9/8,18.54355932,0.69596,26.45286408,32.64223301,20.89567961,4.006153846,11.7465534
Texas,1929,48,Texas,28635442,67.36,2022/9/9,8:32 PM,21891,28,2022/9/9,17.56881356,0.336176471,26.29305825,32.56398058,20.48213592,4.154871795,12.08184466
Texas,1929,48,Texas,28635442,67.36,2022/9/10,8:29 PM,21891,0,2022/9/10,17.46570621,0.369683168,26.24296117,32.67587379,20.40019417,4.429381443,12.27567961
Texas,1929,48,Texas,28635442,67.36,2022/9/11,8:46 PM,21891,0,2022/9/11,17.33305085,0.243890547,25.28412621,31.42300971,20.295,5.987628866,11.12800971
Texas,1929,48,Texas,28635442,67.36,2022/9/12,8:40 PM,21982,0,2022/9/12,15.86119318,0.339083744,24.96253659,31.63682927,19.12717073,4.174742268,12.50965854
Texas,2017,48,Texas,28635442,70.44,2022/9/13,8:35 PM,22627,88,2022/9/13,16.34316384,0.250264706,25.70708738,32.41907767,19.44393204,4.871794872,12.97514563
Texas,2017,48,Texas,28635442,70.44,2022/9/14,8:42 PM,22771,0,2022/9/14,16.45949438,0.329820896,25.62521739,31.68371981,19.67763285,6.298979592,12.00608696
Texas,2017,48,Texas,28635442,70.44,2022/9/15,6:41 AM,22771,0,2022/9/15,16.2302809,1.264894472,25.12183575,31.81777778,18.9089372,6.178061224,12.90884058
Texas,2017,48,Texas,28635442,70.44,2022/9/16,8:22 PM,23496,0,2022/9/16,18.43168539,0.999407035,26.35347826,32.90072464,20.72256039,6.182142857,12.17816425
Texas,2017,48,Texas,28635442,70.44,2022/9/17,8:43 PM,23496,0,2022/9/17,20.0652809,0.12192,27.70183575,33.60096618,22.69449275,7.596428571,10.90647343
Texas,2017,48,Texas,28635442,70.44,2022/9/18,8:45 PM,23496,0,2022/9/18,19.9808427,0.211034826,27.89599034,33.82560386,22.5136715,6.906122449,11.31193237
Texas,2150,48,Texas,28635442,75.08,2022/9/19,8:34 PM,23890,133,2022/9/19,19.97485876,0.186351759,27.83149758,33.79173913,22.2994686,5.793367347,11.49227053
Texas,2170,48,Texas,28635442,75.78,2022/9/20,8:45 PM,24200,20,2022/9/20,19.9625,0.06790099,28.02004854,34.14495146,22.3834466,5.477435897,11.76150485
Texas,2179,48,Texas,28635442,76.09,2022/9/21,8:31 PM,24361,9,2022/9/21,18.50841808,0.181252427,27.93400966,34.29951691,21.61028986,5.007142857,12.68922705
Texas,2195,48,Texas,28635442,76.65,2022/9/22,8:39 PM,24569,16,2022/9/22,16.57728814,0.008673171,27.08811594,34.65637681,20.11391304,4.466326531,14.54246377
Texas,2225,48,Texas,28635442,77.7,2022/9/23,8:37 PM,24843,30,2022/9/23,15.7319209,0,26.99019324,34.43323671,20.06690821,5.018877551,14.3663285
Texas,2225,48,Texas,28635442,77.7,2022/9/24,8:33 PM,24843,0,2022/9/24,16.85254237,0.021166667,27.51681159,33.99193237,20.99072464,5.600510204,13.00120773
Texas,2225,48,Texas,28635442,77.7,2022/9/25,8:46 PM,24843,0,2022/9/25,17.15564972,0.345543147,27.16241546,34.1005314,21.1310628,4.804081633,12.9694686
Texas,2268,48,Texas,28635442,79.2,2022/9/26,8:27 PM,25159,43,2022/9/26,13.14440678,0.634348718,25.75821256,32.2363285,19.76410628,6.340816327,12.47222222
Texas,2292,48,Texas,28635442,80.04,2022/9/27,8:34 PM,25338,24,2022/9/27,8.383220339,0.471534653,23.58521739,31.68405797,15.46057971,5.602040816,16.22347826
Texas,2299,48,Texas,28635442,80.29,2022/9/28,8:37 PM,25506,7,2022/9/28,7.920337079,0.096471154,23.54384615,31.42653846,15.353125,5.62893401,16.07341346
Texas,2311,48,Texas,28635442,80.7,2022/9/29,8:51 PM,25610,12,2022/9/29,8.599157303,0.002466019,23.08822115,30.58764423,15.67475962,5.555329949,14.91288462
Texas,2327,48,Texas,28635442,81.26,2022/9/30,8:46 PM,25848,16,2022/9/30,8.435280899,0.014653846,22.10048077,29.76552885,14.13283654,5.09035533,15.63269231
Texas,2327,48,Texas,28635442,81.26,2022/10/1,8:39 PM,25848,0,2022/10/1,8.427954545,0,21.66601942,29.63087379,13.45747573,4.844102564,16.17339806
Texas,2327,48,Texas,28635442,81.26,2022/10/2,7:57 PM,25848,0,2022/10/2,8.173011364,0,20.79529126,29.02271845,13.39393204,4.278974359,15.62878641
