location,cases,asof,state_ap,state,pop_acs_2020_5tr,updated_date,updated_time,X,case_increase,date,dewp,prcp,temp,temp_max,temp_min,wdsp,dtr
Utah,41,49,Utah,3151239,13.01,2022/8/4,2:24 PM,7507,0,2022/8/4,10.07047619,0,26.72478261,35.41521739,17.66173913,4.92,17.75347826
Utah,46,49,Utah,3151239,14.6,2022/8/5,7:51 PM,7507,5,2022/8/5,12.358,0.127,26.23409091,34.61090909,18.82318182,7.442105263,15.78772727
Utah,46,49,Utah,3151239,14.6,2022/8/6,7:58 PM,7507,0,2022/8/6,12.961,1.4224,23.56272727,31.80818182,17.51727273,7.526315789,14.29090909
Utah,46,49,Utah,3151239,14.6,2022/8/7,8:02 PM,7507,0,2022/8/7,11.164,4.12447619,22.80318182,31.88090909,14.95227273,5.610526316,16.92863636
Utah,48,49,Utah,3151239,15.23,2022/8/8,8:09 PM,8931,2,2022/8/8,6.369047619,0,24.75347826,33.71043478,14.98347826,4.75,18.72695652
Utah,56,49,Utah,3151239,17.77,2022/8/9,7:37 PM,9489,8,2022/8/9,5.80952381,0,26.15391304,35.37956522,16.32173913,5.27,19.05782609
Utah,56,49,Utah,3151239,17.77,2022/8/10,7:52 PM,9489,0,2022/8/10,10.48190476,0.399142857,26.37869565,34.70043478,17.65521739,6.075,17.04521739
Utah,57,49,Utah,3151239,18.09,2022/8/11,7:59 PM,10389,1,2022/8/11,13.81857143,1.632857143,24.44478261,32.49217391,18.16913043,5.44,14.32304348
Utah,57,49,Utah,3151239,18.09,2022/8/12,7:51 PM,10389,0,2022/8/12,13.8195,3.983789474,24.05045455,32.79545455,17.77272727,5.694736842,15.02272727
Utah,57,49,Utah,3151239,18.09,2022/8/13,8:05 PM,10389,0,2022/8/13,13.2295,0.0254,24.41409091,31.90181818,18.43227273,6.194736842,13.46954545
Utah,57,49,Utah,3151239,18.09,2022/8/14,8:17 PM,10389,0,2022/8/14,14.027,0.874888889,23.58,31.515,18.13409091,5.215789474,13.38090909
Utah,57,49,Utah,3151239,18.09,2022/8/15,8:12 PM,10389,0,2022/8/15,12.1847619,0.277090909,23.59478261,32.44478261,16.73434783,5.33,15.71043478
Utah,57,49,Utah,3151239,18.09,2022/8/16,8:22 PM,10389,0,2022/8/16,10.19095238,0.369454545,24.45130435,32.79,16.61347826,5.29,16.17652174
Utah,73,49,Utah,3151239,23.17,2022/8/17,8:24 PM,13514,16,2022/8/17,10.11904762,0.485913043,25.38086957,33.95173913,17,5.325,16.95173913
Utah,77,49,Utah,3151239,24.43,2022/8/18,8:13 PM,14112,4,2022/8/18,8.9475,0.450272727,25.05590909,33.80545455,17.11136364,5.452631579,16.69409091
Utah,77,49,Utah,3151239,24.43,2022/8/19,8:04 PM,14112,0,2022/8/19,11.2925,1.9177,23.61954545,32.50727273,17.23,6.647368421,15.27727273
Utah,77,49,Utah,3151239,24.43,2022/8/20,8:09 PM,14112,0,2022/8/20,12.444,2.005263158,20.66954545,28.285,15.505,6.015789474,12.78
Utah,77,49,Utah,3151239,24.43,2022/8/21,8:18 PM,14112,0,2022/8/21,12.059,2.089727273,20.90681818,30.06545455,14.21409091,4.789473684,15.85136364
Utah,89,49,Utah,3151239,28.24,2022/8/22,8:33 PM,15430,12,2022/8/22,10.78571429,0.012095238,23.5873913,32.72695652,14.61608696,4.49,18.11086957
Utah,89,49,Utah,3151239,28.24,2022/8/23,8:30 PM,15906,0,2022/8/23,7.852380952,0.577272727,24.4926087,34.28043478,14.9326087,4.765,19.34782609
Utah,89,49,Utah,3151239,28.24,2022/8/24,8:29 PM,16600,0,2022/8/24,6.806666667,0.254,25.10782609,34.2973913,15.73217391,5.715,18.56521739
Utah,90,49,Utah,3151239,28.56,2022/8/25,8:37 PM,16923,1,2022/8/25,9.521428571,0.160421053,23.51956522,32.9373913,15.79,6.22,17.1473913
Utah,93,49,Utah,3151239,29.51,2022/8/26,8:23 PM,17429,3,2022/8/26,8.978571429,0.353391304,23.98217391,31.64434783,16.08913043,6.23,15.55521739
Utah,93,49,Utah,3151239,29.51,2022/8/27,8:22 PM,17429,0,2022/8/27,6.6425,0.036285714,23.38545455,31.95181818,15.07818182,6.873684211,16.87363636
Utah,93,49,Utah,3151239,29.51,2022/8/28,8:31 PM,17429,0,2022/8/28,5.844,0.219363636,23.58181818,32.64681818,14.41636364,5.873684211,18.23045455
Utah,99,49,Utah,3151239,31.42,2022/8/29,8:38 PM,18098,6,2022/8/29,3.652857143,0,23.79086957,33.45956522,13.80652174,4.69,19.65304348
Utah,99,49,Utah,3151239,31.42,2022/8/30,8:51 PM,18414,0,2022/8/30,3.647142857,0,25.05478261,35.29695652,14.19043478,4.23,21.10652174
Utah,100,49,Utah,3151239,31.73,2022/8/31,8:28 PM,18986,1,2022/8/31,3.222857143,0,26.21782609,36.36695652,15.30695652,4.495,21.06
Utah,103,49,Utah,3151239,32.69,2022/9/1,8:33 PM,19462,3,2022/9/1,2.593333333,0,26.43,36.57,15.67652174,4.925,20.89347826
Utah,103,49,Utah,3151239,32.69,2022/9/2,8:24 PM,19959,0,2022/9/2,0.767,0,26.02727273,36.56818182,15.04272727,4.673684211,21.52545455
Utah,103,49,Utah,3151239,32.69,2022/9/3,8:30 PM,19959,0,2022/9/3,0.05,0,25.61454545,37.01857143,14.39590909,4.668421053,22.62266234
Utah,103,49,Utah,3151239,32.69,2022/9/4,8:35 PM,19959,0,2022/9/4,3.0865,0,26.97227273,36.94681818,15.42409091,5.3,21.52272727
Utah,103,49,Utah,3151239,32.69,2022/9/5,8:41 PM,19959,0,2022/9/5,2.88,0,26.89590909,37.46181818,16.00727273,4.868421053,21.45454545
Utah,110,49,Utah,3151239,34.91,2022/9/6,8:40 PM,20730,7,2022/9/6,1.716666667,0,27.45478261,38.08434783,16.24130435,4.94,21.84304348
Utah,111,49,Utah,3151239,35.22,2022/9/7,8:32 PM,21271,1,2022/9/7,1.522857143,0,27.62913043,38.07956522,16.38391304,4.985,21.69565217
Utah,117,49,Utah,3151239,37.13,2022/9/8,8:28 PM,21501,6,2022/9/8,3.367619048,0,27.39652174,37.10086957,17.6473913,5.4,19.45347826
Utah,120,49,Utah,3151239,38.08,2022/9/9,8:32 PM,21891,3,2022/9/9,0.796666667,0.011043478,23.78304348,34.56,14.68869565,6.67,19.87130435
Utah,120,49,Utah,3151239,38.08,2022/9/10,8:29 PM,21891,0,2022/9/10,-0.738,0.219363636,20.13590909,29.39136364,11.71227273,5.847368421,17.67909091
Utah,120,49,Utah,3151239,38.08,2022/9/11,8:46 PM,21891,0,2022/9/11,1.1665,0,19.85863636,29.99714286,10.79545455,4,19.20168831
Utah,120,49,Utah,3151239,38.08,2022/9/12,8:40 PM,21982,0,2022/9/12,2.17952381,0,20.96304348,31.01772727,10.68565217,5.075,20.3320751
Utah,128,49,Utah,3151239,40.62,2022/9/13,8:35 PM,22627,8,2022/9/13,8.629047619,0.7239,19.89826087,29.30173913,13.09434783,7.305,16.2073913
Utah,128,49,Utah,3151239,40.62,2022/9/14,8:42 PM,22771,0,2022/9/14,12.56238095,8.676105263,16.77,22.59913043,13.03130435,5.15,9.567826087
Utah,128,49,Utah,3151239,40.62,2022/9/15,6:41 AM,22771,0,2022/9/15,10.86190476,3.0099,16.95391304,24.09173913,11.52434783,5.13,12.5673913
Utah,133,49,Utah,3151239,42.21,2022/9/16,8:22 PM,23496,5,2022/9/16,9.8175,3.288631579,16.96409091,24.11090909,11.30772727,5.389473684,12.80318182
Utah,133,49,Utah,3151239,42.21,2022/9/17,8:43 PM,23496,0,2022/9/17,7.872,0.655052632,16.56318182,24.08,10.13909091,5.889473684,13.94090909
Utah,133,49,Utah,3151239,42.21,2022/9/18,8:45 PM,23496,0,2022/9/18,5.728,0.484909091,18.67136364,28.31318182,10.31318182,7.868421053,18
Utah,140,49,Utah,3151239,44.43,2022/9/19,8:34 PM,23890,7,2022/9/19,0.107619048,0,20.33869565,29.49521739,10.15913043,8.24,19.33608696
Utah,145,49,Utah,3151239,46.01,2022/9/20,8:45 PM,24200,5,2022/9/20,2.847619048,0,20.61043478,29.9326087,10.86,7.535,19.0726087
Utah,149,49,Utah,3151239,47.28,2022/9/21,8:31 PM,24361,4,2022/9/21,8.333809524,0.427789474,19.83652174,27.72956522,12.51956522,8.155,15.21
Utah,149,49,Utah,3151239,47.28,2022/9/22,8:39 PM,24569,0,2022/9/22,8.601428571,5.188857143,17.97347826,25.79217391,11.32347826,7.12,14.46869565
Utah,149,49,Utah,3151239,47.28,2022/9/23,8:37 PM,24843,0,2022/9/23,3.099,0.519545455,15.88181818,24.09363636,7.398636364,4.5,16.695
Utah,149,49,Utah,3151239,47.28,2022/9/24,8:33 PM,24843,0,2022/9/24,1.119,0,15.95045455,25.91181818,6.818181818,4.147368421,19.09363636
Utah,149,49,Utah,3151239,47.28,2022/9/25,8:46 PM,24843,0,2022/9/25,0.613,0,16.83545455,26.78045455,7.166363636,4.215789474,19.61409091
Utah,150,49,Utah,3151239,47.6,2022/9/26,8:27 PM,25159,1,2022/9/26,1.017142857,0,17.98304348,28.00521739,8,4.32,20.00521739
Utah,152,49,Utah,3151239,48.23,2022/9/27,8:34 PM,25338,2,2022/9/27,1.142380952,0,18.76913043,29.09434783,8.616086957,4.59,20.47826087
Utah,157,49,Utah,3151239,49.82,2022/9/28,8:37 PM,25506,5,2022/9/28,3.958095238,0,20.15391304,28.90782609,10.8726087,6.27,18.03521739
Utah,159,49,Utah,3151239,50.46,2022/9/29,8:51 PM,25610,2,2022/9/29,7.613333333,0.414421053,20.0173913,28.53130435,11.93217391,7.135,16.59913043
Utah,160,49,Utah,3151239,50.77,2022/9/30,8:46 PM,25848,1,2022/9/30,6.479,0.334210526,17.65909091,26.51,11.10090909,6.284210526,15.40909091
Utah,160,49,Utah,3151239,50.77,2022/10/1,8:39 PM,25848,0,2022/10/1,4.463,0.882952381,14.78818182,21.94181818,8.235,5.157894737,13.70681818
Utah,160,49,Utah,3151239,50.77,2022/10/2,7:57 PM,25848,0,2022/10/2,5.583,1.294190476,14.26363636,21.81318182,8.308636364,4.768421053,13.50454545
